[gd_scene load_steps=18 format=2]

[ext_resource path="res://Player/Model/Skeleton.tscn" type="PackedScene" id=1]
[ext_resource path="res://Player/Animations/Idle.tres" type="Animation" id=2]
[ext_resource path="res://Player/Animations/Run.tres" type="Animation" id=3]
[ext_resource path="res://Player/Animations/Walk.tres" type="Animation" id=4]
[ext_resource path="res://Player/Animations/Jump.tres" type="Animation" id=5]
[ext_resource path="res://Player/Player.gd" type="Script" id=6]
[ext_resource path="res://Player/Animations/Fall.tres" type="Animation" id=7]

[sub_resource type="CapsuleShape3D" id=3]
radius = 0.2
height = 1.2

[sub_resource type="AnimationNodeAnimation" id=8]
filters = []
animation = &"Fall"

[sub_resource type="AnimationNodeAnimation" id=9]
filters = []
animation = &"Idle"

[sub_resource type="AnimationNodeAnimation" id=10]
filters = []
animation = &"Jump"

[sub_resource type="AnimationNodeAnimation" id=11]
filters = []
animation = &"Run"

[sub_resource type="AnimationNodeTransition" id=4]
input_count = 2
input_0/name = "state 0"
input_0/auto_advance = false
input_1/name = "state 1"
input_1/auto_advance = false

[sub_resource type="AnimationNodeTransition" id=5]
input_count = 2
input_0/name = "state 0"
input_0/auto_advance = false
input_1/name = "state 1"
input_1/auto_advance = false

[sub_resource type="AnimationNodeTransition" id=6]
input_count = 3
input_0/name = "state 0"
input_0/auto_advance = false
input_1/name = "state 1"
input_1/auto_advance = false
input_2/name = "state 2"
input_2/auto_advance = false

[sub_resource type="AnimationNodeAnimation" id=12]
filters = []
animation = &"Walk"

[sub_resource type="AnimationNodeBlendTree" id=7]
graph_offset = Vector2(-572.22, 2.81625)
nodes/Fall/node = SubResource( 8 )
nodes/Fall/position = Vector2(-400, 490)
nodes/Idle/node = SubResource( 9 )
nodes/Idle/position = Vector2(-400, 40)
nodes/Jump/node = SubResource( 10 )
nodes/Jump/position = Vector2(-400, 380)
nodes/Run/node = SubResource( 11 )
nodes/Run/position = Vector2(-400, 260)
nodes/StateGeneral/node = SubResource( 4 )
nodes/StateGeneral/position = Vector2(110, 140)
nodes/StateJump/node = SubResource( 5 )
nodes/StateJump/position = Vector2(-130, 250)
nodes/StateLand/node = SubResource( 6 )
nodes/StateLand/position = Vector2(-130, 60)
nodes/Walk/node = SubResource( 12 )
nodes/Walk/position = Vector2(-400, 150)
node_connections = [&"StateJump", 0, &"Jump", &"StateJump", 1, &"Fall", &"StateGeneral", 0, &"StateLand", &"StateGeneral", 1, &"StateJump", &"StateLand", 0, &"Idle", &"StateLand", 1, &"Walk", &"StateLand", 2, &"Run", &"output", 0, &"StateGeneral"]

[node name="Player" type="CharacterBody3D"]
script = ExtResource( 6 )

[node name="Skeleton" parent="." instance=ExtResource( 1 )]
bones/0/pose = Transform3D(0.993125, -0.0137441, 0.116252, 0.012291, 0.999837, 0.0132071, -0.116415, -0.0116874, 0.993132, 0.0330551, 0.00535246, 0.00867302)
bones/1/pose = Transform3D(0.99992, 0.0126173, -3.42547e-05, -0.0126172, 0.999893, -0.00742035, -5.93739e-05, 0.00742019, 0.999972, 3.11154e-09, -5.96046e-08, -6.22376e-09)
bones/2/pose = Transform3D(0.989419, -0.00113015, -0.145081, 0.00860805, 0.998665, 0.0509254, 0.14483, -0.0516355, 0.988108, 3.4188e-09, -1.12667e-07, 2.0445e-10)
bones/3/pose = Transform3D(0.996635, -0.0511114, -0.0640636, 0.0545666, 0.99708, 0.053397, 0.0611473, -0.0567131, 0.996516, 3.41845e-09, 1.19209e-07, -6.13364e-10)
bones/4/pose = Transform3D(0.998519, 0.0535493, -0.00959263, -0.0539874, 0.997108, -0.0534865, 0.00670072, 0.0539252, 0.998523, -4.99606e-09, -9.48518e-08, -3.29142e-08)
bones/5/pose = Transform3D(0.999053, 0.0426112, 0.00879681, -0.0420763, 0.997655, -0.0539788, -0.0110763, 0.0535576, 0.998503, 3.40511e-26, 0, 9.20116e-10)
bones/6/pose = Transform3D(1, -7.79489e-08, 2.98024e-08, 7.79489e-08, 1, -1.19353e-07, -2.98024e-08, 1.19353e-07, 1, 0, -1.36345e-09, 0)
bones/7/pose = Transform3D(0.879941, -0.458833, -0.123189, 0.22997, 0.184481, 0.955552, -0.415713, -0.86916, 0.267851, 1.02334e-08, 8.67753e-09, -3.47101e-08)
bones/8/pose = Transform3D(0.777836, 0.627577, 0.0334448, -0.627578, 0.772805, 0.0944394, 0.0334217, -0.0944476, 0.994969, 5.05351e-08, 1.07524e-08, 0)
bones/9/pose = Transform3D(0.894975, -0.136641, 0.424675, 0.157585, 0.987399, -0.0144006, -0.417357, 0.0798106, 0.905231, 0, 9.81825e-09, -2.97732e-08)
bones/10/pose = Transform3D(0.982006, -0.188769, -0.0055073, 0.188768, 0.980317, 0.0578439, -0.00552021, -0.0578426, 0.99831, 7.04676e-06, -2.09994e-06, -8.45923e-07)
bones/11/pose = Transform3D(0.945387, -0.324995, -0.0249112, 0.325098, 0.94568, 5.7735e-05, 0.0235393, -0.00815315, 0.99969, 3.66884e-08, 3.66884e-08, -5.72908e-09)
bones/12/pose = Transform3D(0.945499, -0.325624, 1.11011e-06, 0.325624, 0.945499, 3.65733e-06, -2.24052e-06, -3.09653e-06, 1, -3.66884e-08, -1.37721e-08, -5.72908e-09)
bones/13/pose = Transform3D(0.999867, 3.20712e-06, 0.0163034, -3.16141e-06, 0.999999, -2.82968e-06, -0.0163034, 2.77775e-06, 0.999867, 3.33557e-06, -6.40524e-06, -6.44193e-07)
bones/14/pose = Transform3D(0.999714, 0.00997509, -0.0217478, -0.000388311, 0.915593, 0.402107, 0.0239232, -0.401983, 0.915335, 5.72908e-09, -3.66884e-08, 1.83442e-08)
bones/15/pose = Transform3D(0.999938, 0.00439699, -0.0102459, 9.38936e-05, 0.9156, 0.40209, 0.0111491, -0.402066, 0.915543, 1.49012e-08, 1.37721e-08, -1.17474e-08)
bones/16/pose = Transform3D(0.999881, 3.31629e-06, 0.0154161, -3.27575e-06, 1, -2.65489e-06, -0.0154161, 2.60408e-06, 0.999881, 3.40665e-06, -6.47862e-06, -6.90025e-07)
bones/17/pose = Transform3D(0.999757, 0.00916374, -0.020026, -0.000337798, 0.915593, 0.402105, 0.0220204, -0.402001, 0.915375, 1.43227e-08, -2.29162e-08, 6.88607e-09)
bones/18/pose = Transform3D(0.999946, 0.00410435, -0.00953488, 7.59698e-05, 0.915598, 0.402093, 0.0103805, -0.402071, 0.915549, 8.59357e-09, 8.25207e-08, -5.72908e-09)
bones/19/pose = Transform3D(0.999867, 3.98273e-06, 0.0163037, -3.93896e-06, 0.999999, -2.71679e-06, -0.0163037, 2.65221e-06, 0.999867, 3.41582e-06, -6.49239e-06, -5.66244e-07)
bones/20/pose = Transform3D(0.999714, 0.00997517, -0.0217478, -0.000388389, 0.915593, 0.402107, 0.0239232, -0.401983, 0.915335, -4.58605e-09, -2.29162e-08, 0)
bones/21/pose = Transform3D(0.999938, 0.00439735, -0.0102458, 9.35404e-05, 0.9156, 0.40209, 0.0111492, -0.402066, 0.915543, -4.58605e-09, -3.66884e-08, 1.43227e-09)
bones/22/pose = Transform3D(0.999772, 4.30812e-06, 0.0213428, -4.22681e-06, 1, -3.85509e-06, -0.0213428, 3.764e-06, 0.999772, 3.3992e-06, -6.41901e-06, -5.84588e-07)
bones/23/pose = Transform3D(0.999539, 0.0127917, -0.0275218, -0.000645296, 0.915589, 0.402115, 0.0303423, -0.401912, 0.915176, -4.58605e-09, -3.66884e-08, -3.66884e-08)
bones/24/pose = Transform3D(0.999928, 0.00470622, -0.0110079, 0.000117166, 0.915599, 0.40209, 0.0119712, -0.402062, 0.915534, -2.40733e-08, 8.25207e-08, 0)
bones/25/pose = Transform3D(1, 6.64908e-08, -2.94443e-08, -6.64908e-08, 1, -1.19174e-07, 2.94443e-08, 1.19174e-07, 1, -1.83372e-08, -3.56315e-10, 2.75443e-08)
bones/26/pose = Transform3D(0.781552, 0.598833, -0.17486, -0.180834, 0.485731, 0.855199, 0.597056, -0.636762, 0.487913, -1.11759e-08, 7.45058e-09, -6.94808e-08)
bones/27/pose = Transform3D(0.465024, -0.881628, -0.0805294, 0.881628, 0.452901, 0.132713, -0.0805312, -0.132711, 0.987878, -1.12433e-10, -5.92541e-08, 5.92541e-08)
bones/28/pose = Transform3D(0.81841, 0.574191, 0.0225647, -0.553457, 0.777077, 0.299726, 0.154566, -0.257787, 0.953757, 5.10177e-09, 5.96046e-08, 9.81935e-09)
bones/29/pose = Transform3D(0.958101, 0.28411, 0.0363944, -0.284109, 0.926477, 0.246823, 0.0364064, -0.246821, 0.968377, -5.70544e-06, -3.93854e-06, -2.15954e-06)
bones/30/pose = Transform3D(0.958032, 0.275532, 0.0791028, -0.276415, 0.961038, 0.000220642, -0.0759601, -0.0220766, 0.996866, -9.17212e-09, -5.96046e-08, 1.08936e-08)
bones/31/pose = Transform3D(0.960551, 0.278104, -8.97458e-07, -0.278104, 0.960551, 3.46568e-06, 1.82587e-06, -3.07938e-06, 1, 1.00294e-08, 5.96046e-08, -4.29681e-09)
bones/32/pose = Transform3D(0.999867, -3.16525e-06, -0.0163035, 3.11732e-06, 0.999999, -2.96587e-06, 0.0163035, 2.91465e-06, 0.999867, -1.21501e-06, -6.78578e-06, -1.89589e-06)
bones/33/pose = Transform3D(0.999714, -0.0142845, 0.0191948, 0.000389217, 0.811837, 0.583884, -0.0239235, -0.58371, 0.81161, -3.44305e-09, 1.37721e-08, 1.14581e-08)
bones/34/pose = Transform3D(0.999938, -0.0064327, 0.00910639, -9.45991e-05, 0.811845, 0.583871, -0.0111489, -0.583835, 0.811795, 5.72908e-09, -3.66884e-08, 1.49012e-08)
bones/35/pose = Transform3D(0.999743, -0.000551438, -0.0226796, 0.000375503, 0.99997, -0.00776093, 0.0226832, 0.00775042, 0.999713, -2.56919e-05, -3.75972e-06, 0.00040555)
bones/36/pose = Transform3D(0.999757, -0.0131322, 0.0176798, 0.000338405, 0.811838, 0.583883, -0.0220208, -0.583735, 0.811646, 9.17212e-09, -3.66884e-08, 1.14581e-08)
bones/37/pose = Transform3D(0.999946, -0.00599794, 0.00847177, -7.70192e-05, 0.811844, 0.583872, -0.0103798, -0.58384, 0.811802, 0, 0, 3.44305e-09)
bones/38/pose = Transform3D(0.999331, -0.00163092, -0.0365293, 0.000130414, 0.999157, -0.0410414, 0.0365655, 0.0410092, 0.998489, -6.90394e-05, -1.55339e-05, 0.00215254)
bones/39/pose = Transform3D(0.999714, -0.0149105, 0.018713, 0.000389002, 0.792113, 0.610374, -0.0239238, -0.610191, 0.791893, -1.49012e-08, 2.29162e-08, 3.66884e-08)
bones/40/pose = Transform3D(0.999938, -0.00672982, 0.00888889, -9.45881e-05, 0.792123, 0.610361, -0.0111487, -0.610324, 0.792074, 8.01506e-09, -1.37721e-08, -9.17212e-09)
bones/41/pose = Transform3D(0.996867, -0.0050879, -0.0789336, -0.00262699, 0.995248, -0.0973285, 0.0790538, 0.0972308, 0.992117, -0.000202136, -0.00014384, 0.00513864)
bones/42/pose = Transform3D(0.999539, -0.0231293, 0.0196517, 0.000647109, 0.663584, 0.748102, -0.0303436, -0.747745, 0.663293, -1.83442e-08, 3.66884e-08, 1.83442e-08)
bones/43/pose = Transform3D(0.999928, -0.00887487, 0.00803255, -0.00011964, 0.663602, 0.748085, -0.0119696, -0.748031, 0.663554, 1.14581e-08, 3.66884e-08, 2.98023e-08)
bones/44/pose = Transform3D(0.977399, 0.113068, 0.0960895, -0.116692, 0.981149, 0.0324479, -0.0916509, -0.0434208, 0.983421, -4.089e-10, 1.19209e-07, 1.49012e-08)
bones/45/pose = Transform3D(0.999226, 0.000167973, 0.000333566, -4.44495e-05, 0.939602, -0.340002, -0.000370817, 0.340002, 0.939602, -1.22121e-08, -1.90499e-08, 6.72025e-10)
bones/46/pose = Transform3D(0.99837, -0.157209, -0.0574569, 0.150495, 0.995209, -0.108026, 0.073263, 0.0979977, 1.00488, 4.14776e-09, 0, 0)
bones/47/pose = Transform3D(0.999999, 0.00113958, 0.0013081, -0.000674151, 0.950001, -0.312247, -0.00159853, 0.312245, 0.95, 1.49012e-08, 0, 0)
bones/48/pose = Transform3D(1.01453, -0.116391, 0.000982067, 0.115623, 1.00678, -0.125941, 0.0133855, 0.125226, 1.01343, 0, 1.14379e-07, 1.86265e-08)
bones/49/pose = Transform3D(1.00135, 5.5932e-06, 0.00037422, -4.45609e-05, 0.995893, 0.104352, -0.0003716, -0.104352, 0.995893, 8.44891e-09, 0, 0)
bones/50/pose = Transform3D(0.97418, 0.076823, 0.0371877, -0.0754291, 0.974304, -0.0367727, -0.0399392, 0.0337639, 0.976514, -8.67748e-09, -3.11165e-09, 0)
bones/51/pose = Transform3D(0.999999, 0.000674237, 0.0015985, -0.000674214, 1, -1.46378e-05, -0.00159851, 1.35601e-05, 0.999999, 0, 0, -3.72529e-09)
bones/52/pose = Transform3D(1, 0, 0, 0, 1, 0, 0, 0, 1, -3.26379e-09, 0, 0)

[node name="AnimationPlayer" type="AnimationPlayer" parent="."]
anims/Fall = ExtResource( 7 )
anims/Idle = ExtResource( 2 )
anims/Jump = ExtResource( 5 )
anims/Run = ExtResource( 3 )
anims/Walk = ExtResource( 4 )
blend_times = []
script = null

[node name="Collision" type="CollisionShape3D" parent="."]
transform = Transform3D(1, 0, 0, 0, 1, 0, 0, 0, 1, 0, 0.8, 0)
shape = SubResource( 3 )
script = null

[node name="AnimationTree" type="AnimationTree" parent="."]
tree_root = SubResource( 7 )
anim_player = NodePath("../AnimationPlayer")
active = true
root_motion_track = NodePath("Skeleton:root")
parameters/StateGeneral/current = 0
parameters/StateJump/current = 0
parameters/StateLand/current = 0
script = null
