[gd_scene load_steps=18 format=3 uid="uid://bddul4h12wu7p"]

[ext_resource type="PackedScene" path="res://Player/Model/Skeleton.tscn" id="1"]
[ext_resource type="Animation" path="res://Player/Animations/Idle.tres" id="2"]
[ext_resource type="Animation" path="res://Player/Animations/Run.tres" id="3"]
[ext_resource type="Animation" path="res://Player/Animations/Walk.tres" id="4"]
[ext_resource type="Animation" path="res://Player/Animations/Jump.tres" id="5"]
[ext_resource type="Script" path="res://Player/Player.gd" id="6"]
[ext_resource type="Animation" path="res://Player/Animations/Fall.tres" id="7"]

[sub_resource type="CapsuleShape3D" id="3"]
radius = 0.2
height = 1.6

[sub_resource type="AnimationNodeAnimation" id="8"]
filters = []
animation = &"Fall"

[sub_resource type="AnimationNodeAnimation" id="9"]
filters = []
animation = &"Idle"

[sub_resource type="AnimationNodeAnimation" id="10"]
filters = []
animation = &"Jump"

[sub_resource type="AnimationNodeAnimation" id="11"]
filters = []
animation = &"Run"

[sub_resource type="AnimationNodeTransition" id="4"]
input_count = 2
input_0/name = "state 0"
input_0/auto_advance = false
input_1/name = "state 1"
input_1/auto_advance = false

[sub_resource type="AnimationNodeTransition" id="5"]
input_count = 2
input_0/name = "state 0"
input_0/auto_advance = false
input_1/name = "state 1"
input_1/auto_advance = false

[sub_resource type="AnimationNodeTransition" id="6"]
input_count = 3
input_0/name = "state 0"
input_0/auto_advance = false
input_1/name = "state 1"
input_1/auto_advance = false
input_2/name = "state 2"
input_2/auto_advance = false

[sub_resource type="AnimationNodeAnimation" id="12"]
filters = []
animation = &"Walk"

[sub_resource type="AnimationNodeBlendTree" id="7"]
graph_offset = Vector2(-572.22, 2.81625)
nodes/Fall/node = SubResource( "8" )
nodes/Fall/position = Vector2(-400, 490)
nodes/Idle/node = SubResource( "9" )
nodes/Idle/position = Vector2(-400, 40)
nodes/Jump/node = SubResource( "10" )
nodes/Jump/position = Vector2(-400, 380)
nodes/Run/node = SubResource( "11" )
nodes/Run/position = Vector2(-400, 260)
nodes/StateGeneral/node = SubResource( "4" )
nodes/StateGeneral/position = Vector2(110, 140)
nodes/StateJump/node = SubResource( "5" )
nodes/StateJump/position = Vector2(-130, 250)
nodes/StateLand/node = SubResource( "6" )
nodes/StateLand/position = Vector2(-130, 60)
nodes/Walk/node = SubResource( "12" )
nodes/Walk/position = Vector2(-400, 150)
node_connections = [&"StateGeneral", 0, &"StateLand", &"StateGeneral", 1, &"StateJump", &"StateJump", 0, &"Jump", &"StateJump", 1, &"Fall", &"StateLand", 0, &"Idle", &"StateLand", 1, &"Walk", &"StateLand", 2, &"Run", &"output", 0, &"StateGeneral"]

[node name="Player" type="CharacterBody3D"]
floor_stop_on_slope = true
script = ExtResource( "6" )

[node name="Skeleton" parent="." instance=ExtResource( "1" )]
bones/0/pose = Transform3D(0.998883, -0.0434846, -0.0184626, 0.0447656, 0.996116, 0.0758209, 0.0150939, -0.0765627, 0.996951, 0.0349862, 0.0112413, 0.00193212)
bones/1/pose = Transform3D(0.999647, 0.0265645, -0.000691672, -0.0265658, 0.998395, -0.0500241, -0.000638302, 0.0500248, 0.998748, 0, 0, 4.65662e-09)
bones/2/pose = Transform3D(0.991762, 0.0464201, -0.119388, -0.0437683, 0.998735, 0.0247401, 0.120386, -0.0193108, 0.992539, 6.98439e-10, 2.23516e-08, -3.49246e-10)
bones/3/pose = Transform3D(0.994191, -0.00368664, -0.107569, 0.0114374, 0.997372, 0.0715264, 0.107023, -0.0723411, 0.991621, -3.60869e-09, 5.9612e-08, 0)
bones/4/pose = Transform3D(0.998615, 0.0275282, 0.0448327, -0.0242369, 0.997083, -0.0723713, -0.0466942, 0.0711844, 0.99637, -3.72503e-09, 0, 0)
bones/5/pose = Transform3D(0.998676, -2.17948e-05, 0.0514404, 0.00373123, 0.997396, -0.0720164, -0.0513049, 0.072113, 0.996076, 1.45496e-09, -4.47016e-08, -1.39693e-09)
bones/6/pose = Transform3D(1, -6.68565e-08, 2.98024e-08, 6.68565e-08, 1, -1.19266e-07, -2.98024e-08, 1.19266e-07, 1, 0, 4.52932e-09, 0)
bones/7/pose = Transform3D(0.838979, -0.528378, -0.130119, 0.266328, 0.190185, 0.944933, -0.474535, -0.827434, 0.300283, -9.31348e-09, -4.65673e-09, 4.46798e-08)
bones/8/pose = Transform3D(0.718611, 0.694121, 0.0423574, -0.694121, 0.712235, 0.104486, 0.0423574, -0.104486, 0.993624, -8.38655e-09, 2.74181e-08, 0)
bones/9/pose = Transform3D(0.951449, -0.14698, 0.270447, 0.145553, 0.989022, 0.0254407, -0.271218, 0.0151588, 0.962398, 0, 2.23508e-08, 1.11754e-08)
bones/10/pose = Transform3D(0.982006, -0.188769, -0.0055073, 0.188768, 0.980317, 0.0578439, -0.00552022, -0.0578426, 0.99831, 7.00204e-06, -2.05557e-06, -8.57015e-07)
bones/11/pose = Transform3D(0.945387, -0.324995, -0.0249112, 0.325098, 0.94568, 5.77206e-05, 0.0235393, -0.00815314, 0.99969, 1.45038e-08, 1.45038e-08, -1.12752e-08)
bones/12/pose = Transform3D(0.945499, -0.325624, 1.1314e-06, 0.325624, 0.945499, 3.65947e-06, -2.26135e-06, -3.09162e-06, 1, -1.45038e-08, 3.0597e-08, -1.12752e-08)
bones/13/pose = Transform3D(0.999867, 3.20988e-06, 0.0163034, -3.16419e-06, 0.999999, -2.82831e-06, -0.0163034, 2.77635e-06, 0.999867, 3.31894e-06, -6.31651e-06, -6.33101e-07)
bones/14/pose = Transform3D(0.999714, 0.0099751, -0.0217478, -0.000388319, 0.915593, 0.402106, 0.0239232, -0.401983, 0.915335, 1.12752e-08, -1.45038e-08, 7.25191e-09)
bones/15/pose = Transform3D(0.999938, 0.004397, -0.0102459, 9.3888e-05, 0.9156, 0.40209, 0.0111491, -0.402066, 0.915543, 1.49012e-08, -3.0597e-08, -1.5907e-08)
bones/16/pose = Transform3D(0.999881, 3.31903e-06, 0.0154161, -3.27856e-06, 1, -2.65075e-06, -0.0154161, 2.59989e-06, 0.999881, 3.36506e-06, -6.34551e-06, -7.23302e-07)
bones/17/pose = Transform3D(0.999757, 0.00916376, -0.020026, -0.000337783, 0.915593, 0.402105, 0.0220205, -0.402001, 0.915375, 2.8188e-08, -4.51008e-08, -1.52985e-08)
bones/18/pose = Transform3D(0.999946, 0.00410434, -0.00953489, 7.59787e-05, 0.915598, 0.402093, 0.0103805, -0.402071, 0.915549, 1.69128e-08, 1.04705e-07, -1.12752e-08)
bones/19/pose = Transform3D(0.999867, 3.97995e-06, 0.0163037, -3.9362e-06, 0.999999, -2.71538e-06, -0.0163037, 2.65085e-06, 0.999867, 3.36868e-06, -6.31491e-06, -5.66244e-07)
bones/20/pose = Transform3D(0.999714, 0.00997518, -0.0217478, -0.000388398, 0.915593, 0.402106, 0.0239232, -0.401983, 0.915335, -1.81298e-09, -4.51008e-08, 0)
bones/21/pose = Transform3D(0.999938, 0.00439734, -0.0102458, 9.35444e-05, 0.9156, 0.40209, 0.0111492, -0.402066, 0.915543, -1.81298e-09, -1.45038e-08, 2.8188e-09)
bones/22/pose = Transform3D(0.999772, 4.31365e-06, 0.0213428, -4.23237e-06, 1, -3.85376e-06, -0.0213428, 3.76255e-06, 0.999772, 3.35761e-06, -6.2859e-06, -5.73496e-07)
bones/23/pose = Transform3D(0.999539, 0.0127917, -0.0275218, -0.00064529, 0.915589, 0.402115, 0.0303423, -0.401912, 0.915176, -1.81298e-09, -1.45038e-08, -1.45038e-08)
bones/24/pose = Transform3D(0.999928, 0.00470621, -0.0110079, 0.000117172, 0.915599, 0.40209, 0.0119712, -0.402062, 0.915534, -1.85271e-08, 1.04705e-07, 0)
bones/25/pose = Transform3D(1, 4.43062e-08, -2.90976e-08, -4.43062e-08, 1, -1.18914e-07, 2.90976e-08, 1.18914e-07, 1, -2.52699e-08, -5.20919e-09, -6.11938e-08)
bones/26/pose = Transform3D(0.920521, 0.370574, -0.12376, -0.0601119, 0.447336, 0.892344, 0.386042, -0.813981, 0.434058, 1.73845e-08, -6.82959e-09, -5.82077e-11)
bones/27/pose = Transform3D(0.695533, -0.717031, -0.0458314, 0.717031, 0.688634, 0.107935, -0.0458313, -0.107935, 0.993101, -1.60155e-09, -4.05927e-08, -4.05927e-08)
bones/28/pose = Transform3D(0.806825, 0.577939, -0.122547, -0.487791, 0.768699, 0.413715, 0.333303, -0.274019, 0.902121, -5.21531e-08, -1.4903e-08, 4.47089e-08)
bones/29/pose = Transform3D(0.958101, 0.28411, 0.0363944, -0.284109, 0.926477, 0.246823, 0.0364064, -0.246821, 0.968377, -5.66142e-06, -3.82761e-06, -2.11517e-06)
bones/30/pose = Transform3D(0.958032, 0.275532, 0.0791028, -0.276415, 0.961038, 0.000220648, -0.0759601, -0.0220766, 0.996866, -3.62596e-09, -5.96046e-08, -1.98675e-10)
bones/31/pose = Transform3D(0.960551, 0.278104, -8.96512e-07, -0.278104, 0.960551, 3.45989e-06, 1.82335e-06, -3.07407e-06, 1, 1.07226e-08, 5.96046e-08, -8.45642e-09)
bones/32/pose = Transform3D(0.999867, -3.16246e-06, -0.0163035, 3.11455e-06, 0.999999, -2.96412e-06, 0.0163035, 2.91294e-06, 0.999867, -1.23719e-06, -6.71923e-06, -1.8848e-06)
bones/33/pose = Transform3D(0.999714, -0.0142845, 0.0191948, 0.000389224, 0.811837, 0.583884, -0.0239235, -0.58371, 0.81161, 7.64926e-09, -3.0597e-08, 2.25504e-08)
bones/34/pose = Transform3D(0.999938, -0.0064327, 0.00910638, -9.45912e-05, 0.811845, 0.583871, -0.0111489, -0.583835, 0.811795, 1.12752e-08, -1.45038e-08, 1.49012e-08)
bones/35/pose = Transform3D(0.999743, -0.000551429, -0.0226796, 0.000375495, 0.99997, -0.00776093, 0.0226832, 0.00775041, 0.999713, -2.57085e-05, -3.6488e-06, 0.00040555)
bones/36/pose = Transform3D(0.999757, -0.0131322, 0.0176798, 0.000338399, 0.811838, 0.583883, -0.0220208, -0.583735, 0.811646, 3.62597e-09, -1.45038e-08, 2.25504e-08)
bones/37/pose = Transform3D(0.999946, -0.00599794, 0.00847178, -7.70264e-05, 0.811844, 0.583872, -0.0103798, -0.58384, 0.811802, 0, 0, -7.64926e-09)
bones/38/pose = Transform3D(0.999331, -0.00163091, -0.0365293, 0.00013041, 0.999157, -0.0410414, 0.0365655, 0.0410092, 0.998489, -6.9056e-05, -1.55117e-05, 0.00215255)
bones/39/pose = Transform3D(0.999714, -0.0149105, 0.018713, 0.000389003, 0.792113, 0.610374, -0.0239238, -0.610191, 0.791893, -1.49012e-08, 4.51008e-08, 1.45038e-08)
bones/40/pose = Transform3D(0.999938, -0.00672983, 0.00888889, -9.45812e-05, 0.792123, 0.610361, -0.0111487, -0.610324, 0.792074, 3.01997e-08, 3.0597e-08, -3.62597e-09)
bones/41/pose = Transform3D(0.996867, -0.00508789, -0.0789336, -0.00262699, 0.995248, -0.0973285, 0.0790538, 0.0972308, 0.992117, -0.00020218, -0.000143795, 0.0051386)
bones/42/pose = Transform3D(0.999539, -0.0231293, 0.0196517, 0.000647103, 0.663584, 0.748102, -0.0303436, -0.747745, 0.663293, -7.25191e-09, 1.45038e-08, 7.25191e-09)
bones/43/pose = Transform3D(0.999928, -0.00887487, 0.00803255, -0.000119641, 0.663602, 0.748085, -0.0119696, -0.748031, 0.663554, 2.25504e-08, 1.45038e-08, 2.98023e-08)
bones/44/pose = Transform3D(0.983012, 0.0614884, 0.0864199, -0.0591344, 0.986512, -0.0292728, -0.088041, 0.0239334, 0.984574, -1.49012e-08, 5.96046e-08, 3.72575e-09)
bones/45/pose = Transform3D(0.99923, 0.000183862, 0.000325076, -4.44434e-05, 0.922112, -0.38493, -0.000370816, 0.38493, 0.922111, -1.03776e-08, -9.04715e-09, 0)
bones/46/pose = Transform3D(1.0013, -0.0623658, -0.134027, 0.0461004, 1.00363, -0.122613, 0.140455, 0.115192, 0.995719, -7.45042e-09, 5.58771e-09, 0)
bones/47/pose = Transform3D(0.999999, 0.00113958, 0.0013081, -0.000674151, 0.950001, -0.312247, -0.00159853, 0.312245, 0.95, 1.49012e-08, 0, 0)
bones/48/pose = Transform3D(1.01259, -0.158499, 0.000302205, 0.15676, 1.00118, -0.15333, 0.0234156, 0.151525, 1.01342, 0, -4.9679e-09, 1.53087e-08)
bones/49/pose = Transform3D(1.00155, 4.8627e-06, 0.000374306, -4.45735e-05, 0.995893, 0.10633, -0.000371675, -0.10633, 0.995893, -1.00715e-08, -1.93162e-08, 0)
bones/50/pose = Transform3D(0.961137, 0.153643, 0.0399256, -0.14902, 0.95769, -0.098012, -0.054709, 0.0905941, 0.968394, -1.11731e-08, 0, 0)
bones/51/pose = Transform3D(0.999999, 0.000674237, 0.0015985, -0.000674214, 1, -1.46378e-05, -0.00159851, 1.35601e-05, 0.999999, 0, 0, -3.72529e-09)
bones/52/pose = Transform3D(1, 0, 0, 0, 1, 0, 0, 0, 1, -3.26379e-09, 0, 0)

[node name="AnimationPlayer" type="AnimationPlayer" parent="."]
playback_process_mode = 0
anims/Fall = ExtResource( "7" )
anims/Idle = ExtResource( "2" )
anims/Jump = ExtResource( "5" )
anims/Run = ExtResource( "3" )
anims/Walk = ExtResource( "4" )
blend_times = []
script = null

[node name="Collision" type="CollisionShape3D" parent="."]
transform = Transform3D(1, 0, 0, 0, 1, 0, 0, 0, 1, 0, 0.8, 0)
shape = SubResource( "3" )
script = null

[node name="AnimationTree" type="AnimationTree" parent="."]
tree_root = SubResource( "7" )
anim_player = NodePath("../AnimationPlayer")
active = true
process_callback = 0
root_motion_track = NodePath("Skeleton:root")
parameters/StateGeneral/current = 0
parameters/StateJump/current = 0
parameters/StateLand/current = 0
script = null
