[gd_scene load_steps=18 format=2]

[ext_resource path="res://Player/Model/Skeleton.tscn" type="PackedScene" id=1]
[ext_resource path="res://Player/Animations/Idle.tres" type="Animation" id=2]
[ext_resource path="res://Player/Animations/Run.tres" type="Animation" id=3]
[ext_resource path="res://Player/Animations/Walk.tres" type="Animation" id=4]
[ext_resource path="res://Player/Animations/Jump.tres" type="Animation" id=5]
[ext_resource path="res://Player/Player.gd" type="Script" id=6]
[ext_resource path="res://Player/Animations/Fall.tres" type="Animation" id=7]

[sub_resource type="CapsuleShape3D" id=3]
radius = 0.2
height = 1.2

[sub_resource type="AnimationNodeAnimation" id=8]
filters = []
animation = &"Fall"

[sub_resource type="AnimationNodeAnimation" id=9]
filters = []
animation = &"Idle"

[sub_resource type="AnimationNodeAnimation" id=10]
filters = []
animation = &"Jump"

[sub_resource type="AnimationNodeAnimation" id=11]
filters = []
animation = &"Run"

[sub_resource type="AnimationNodeTransition" id=4]
input_count = 2
input_0/name = "state 0"
input_0/auto_advance = false
input_1/name = "state 1"
input_1/auto_advance = false

[sub_resource type="AnimationNodeTransition" id=5]
input_count = 2
input_0/name = "state 0"
input_0/auto_advance = false
input_1/name = "state 1"
input_1/auto_advance = false

[sub_resource type="AnimationNodeTransition" id=6]
input_count = 3
input_0/name = "state 0"
input_0/auto_advance = false
input_1/name = "state 1"
input_1/auto_advance = false
input_2/name = "state 2"
input_2/auto_advance = false

[sub_resource type="AnimationNodeAnimation" id=12]
filters = []
animation = &"Walk"

[sub_resource type="AnimationNodeBlendTree" id=7]
graph_offset = Vector2(-572.22, 2.81625)
nodes/Fall/node = SubResource( 8 )
nodes/Fall/position = Vector2(-400, 490)
nodes/Idle/node = SubResource( 9 )
nodes/Idle/position = Vector2(-400, 40)
nodes/Jump/node = SubResource( 10 )
nodes/Jump/position = Vector2(-400, 380)
nodes/Run/node = SubResource( 11 )
nodes/Run/position = Vector2(-400, 260)
nodes/StateGeneral/node = SubResource( 4 )
nodes/StateGeneral/position = Vector2(110, 140)
nodes/StateJump/node = SubResource( 5 )
nodes/StateJump/position = Vector2(-130, 250)
nodes/StateLand/node = SubResource( 6 )
nodes/StateLand/position = Vector2(-130, 60)
nodes/Walk/node = SubResource( 12 )
nodes/Walk/position = Vector2(-400, 150)
node_connections = [&"StateGeneral", 0, &"StateLand", &"StateGeneral", 1, &"StateJump", &"StateLand", 0, &"Idle", &"StateLand", 1, &"Walk", &"StateLand", 2, &"Run", &"StateJump", 0, &"Jump", &"StateJump", 1, &"Fall", &"output", 0, &"StateGeneral"]

[node name="Player" type="CharacterBody3D"]
stop_on_slope = true
script = ExtResource( 6 )

[node name="Skeleton" parent="." instance=ExtResource( 1 )]
bones/0/pose = Transform3D(0.999993, 0.00376627, 0.000314911, -0.00376626, 0.999993, -1.67517e-05, -0.000314972, 1.55655e-05, 1, -0.0126999, 0.0165581, 0.000541088)
bones/1/pose = Transform3D(0.99951, 0.0312962, -9.35017e-07, -0.0312962, 0.99951, -5.98254e-05, -9.37746e-07, 5.98253e-05, 1, 8.265e-10, 6.70865e-09, -6.612e-09)
bones/2/pose = Transform3D(0.999105, 0.0167011, -0.0388521, -0.0149931, 0.998926, 0.0438447, 0.0395426, -0.043223, 0.998283, 2.04812e-09, -1.05792e-07, 0)
bones/3/pose = Transform3D(0.993995, -0.0160298, -0.108235, 0.0206748, 0.998906, 0.0419309, 0.107445, -0.0439168, 0.993241, -3.72529e-09, 2.11584e-07, 3.306e-09)
bones/4/pose = Transform3D(0.997201, 0.0436309, 0.060724, -0.0409968, 0.998191, -0.043969, -0.0625325, 0.0413564, 0.997186, 3.51565e-09, 0, -2.9754e-08)
bones/5/pose = Transform3D(0.997371, 0.00984822, 0.0717914, -0.0067434, 0.999037, -0.0433627, -0.0721493, 0.0427646, 0.996477, 6.612e-09, -2.68347e-08, -7.66023e-09)
bones/6/pose = Transform3D(1, -8.93623e-08, 2.98024e-08, 8.93623e-08, 1, -1.19442e-07, -2.98024e-08, 1.19442e-07, 1, 0, -7.42682e-09, 0)
bones/7/pose = Transform3D(0.887798, -0.434548, -0.151602, 0.267893, 0.220082, 0.937975, -0.374231, -0.873345, 0.311801, 1.25788e-09, 0, -6.55143e-12)
bones/8/pose = Transform3D(0.80131, 0.597501, 0.0299088, -0.597501, 0.796808, 0.0899417, 0.0299087, -0.0899417, 0.995498, 2.60348e-08, 3.94787e-08, 0)
bones/9/pose = Transform3D(0.945825, -0.0975662, 0.309672, 0.0280864, 0.974792, 0.221338, -0.323461, -0.200649, 0.924723, -5.28959e-08, 5.28959e-08, 2.64738e-08)
bones/10/pose = Transform3D(0.982006, -0.188769, -0.00550729, 0.188768, 0.980317, 0.0578439, -0.00552021, -0.0578426, 0.99831, 7.09277e-06, -2.14559e-06, -8.3451e-07)
bones/11/pose = Transform3D(0.945387, -0.324995, -0.0249112, 0.325098, 0.94568, 5.77499e-05, 0.0235393, -0.00815317, 0.99969, 5.95151e-08, 5.95151e-08, -2.23623e-11)
bones/12/pose = Transform3D(0.945499, -0.325624, 1.0882e-06, 0.325624, 0.945499, 3.65514e-06, -2.21909e-06, -3.10158e-06, 1, -5.95151e-08, -5.94257e-08, -2.23623e-11)
bones/13/pose = Transform3D(0.999867, 3.20427e-06, 0.0163034, -3.15854e-06, 0.999999, -2.83108e-06, -0.0163034, 2.7792e-06, 0.999867, 3.35269e-06, -6.49655e-06, -6.55606e-07)
bones/14/pose = Transform3D(0.999714, 0.00997508, -0.0217478, -0.000388304, 0.915593, 0.402106, 0.0239232, -0.401983, 0.915335, 2.23623e-11, -5.95151e-08, 2.97576e-08)
bones/15/pose = Transform3D(0.999938, 0.00439698, -0.0102459, 9.38994e-05, 0.9156, 0.40209, 0.0111491, -0.402066, 0.915543, 1.49012e-08, 5.94257e-08, -7.46735e-09)
bones/16/pose = Transform3D(0.999881, 3.31348e-06, 0.0154161, -3.27287e-06, 1, -2.65915e-06, -0.0154161, 2.60838e-06, 0.999881, 3.44945e-06, -6.61558e-06, -6.55785e-07)
bones/17/pose = Transform3D(0.999757, 0.00916372, -0.0200259, -0.000337814, 0.915593, 0.402105, 0.0220204, -0.402001, 0.915375, 5.59055e-11, -8.94487e-11, 2.97129e-08)
bones/18/pose = Transform3D(0.999946, 0.00410435, -0.00953487, 7.59608e-05, 0.915598, 0.402093, 0.0103805, -0.402071, 0.915549, 3.35432e-11, 5.9694e-08, -2.23623e-11)
bones/19/pose = Transform3D(0.999867, 3.98559e-06, 0.0163037, -3.9418e-06, 0.999999, -2.71824e-06, -0.0163037, 2.65361e-06, 0.999867, 3.46433e-06, -6.675e-06, -5.66244e-07)
bones/20/pose = Transform3D(0.999714, 0.00997516, -0.0217478, -0.000388383, 0.915593, 0.402106, 0.0239232, -0.401983, 0.915335, -7.4394e-09, -8.94487e-11, 0)
bones/21/pose = Transform3D(0.999938, 0.00439736, -0.0102459, 9.3536e-05, 0.9156, 0.40209, 0.0111492, -0.402066, 0.915543, -7.4394e-09, -5.95151e-08, 5.59055e-12)
bones/22/pose = Transform3D(0.999772, 4.30243e-06, 0.0213428, -4.22109e-06, 1, -3.85646e-06, -0.0213428, 3.76549e-06, 0.999772, 3.442e-06, -6.55597e-06, -5.96001e-07)
bones/23/pose = Transform3D(0.999539, 0.0127917, -0.0275218, -0.000645304, 0.915589, 0.402115, 0.0303423, -0.401912, 0.915176, -7.4394e-09, -5.95151e-08, -5.95151e-08)
bones/24/pose = Transform3D(0.999928, 0.00470623, -0.0110079, 0.00011716, 0.915599, 0.40209, 0.0119712, -0.402062, 0.915534, -2.97799e-08, 5.9694e-08, 0)
bones/25/pose = Transform3D(1, 8.93175e-08, -2.9801e-08, -8.93175e-08, 1, -1.19441e-07, 2.9801e-08, 1.19441e-07, 1, -1.12039e-08, 4.63704e-09, 1.18851e-07)
bones/26/pose = Transform3D(0.90062, 0.412816, -0.135893, -0.0343876, 0.379386, 0.924599, 0.433246, -0.828039, 0.355878, 2.88671e-09, 1.3224e-08, 0)
bones/27/pose = Transform3D(0.755951, -0.653597, -0.0367367, 0.653597, 0.750421, 0.0983859, -0.0367367, -0.0983859, 0.99447, 6.70865e-09, 0, 5.28959e-08)
bones/28/pose = Transform3D(0.88704, 0.451696, -0.0955456, -0.404169, 0.859748, 0.312215, 0.223172, -0.23833, 0.945194, 1.67717e-09, 5.28959e-08, -5.28701e-08)
bones/29/pose = Transform3D(0.958101, 0.28411, 0.0363944, -0.284109, 0.926477, 0.246823, 0.0364064, -0.246821, 0.968377, -5.75074e-06, -4.05267e-06, -2.20519e-06)
bones/30/pose = Transform3D(0.958032, 0.275532, 0.0791028, -0.276415, 0.961038, 0.000220633, -0.0759601, -0.0220766, 0.996866, -1.48788e-08, -5.96046e-08, 2.2307e-08)
bones/31/pose = Transform3D(0.960551, 0.278104, -8.98432e-07, -0.278104, 0.960551, 3.47164e-06, 1.82847e-06, -3.08483e-06, 1, 9.31603e-09, 5.96046e-08, -1.67717e-11)
bones/32/pose = Transform3D(0.999867, -3.16812e-06, -0.0163035, 3.12016e-06, 0.999999, -2.96767e-06, 0.0163035, 2.9164e-06, 0.999867, -1.19218e-06, -6.85426e-06, -1.90731e-06)
bones/33/pose = Transform3D(0.999714, -0.0142845, 0.0191948, 0.000389209, 0.811837, 0.583884, -0.0239235, -0.58371, 0.81161, -1.48565e-08, 5.94257e-08, 4.47244e-11)
bones/34/pose = Transform3D(0.999938, -0.00643269, 0.00910639, -9.46056e-05, 0.811845, 0.583871, -0.0111489, -0.583835, 0.811795, 2.23623e-11, -5.95151e-08, 1.49012e-08)
bones/35/pose = Transform3D(0.999743, -0.000551446, -0.0226796, 0.000375511, 0.99997, -0.00776094, 0.0226832, 0.00775043, 0.999713, -2.56748e-05, -3.87385e-06, 0.00040555)
bones/36/pose = Transform3D(0.999757, -0.0131322, 0.0176797, 0.000338412, 0.811838, 0.583883, -0.0220208, -0.583735, 0.811646, 1.48788e-08, -5.95151e-08, 4.47244e-11)
bones/37/pose = Transform3D(0.999946, -0.00599795, 0.00847177, -7.70122e-05, 0.811844, 0.583872, -0.0103798, -0.58384, 0.811802, 0, 0, 1.48565e-08)
bones/38/pose = Transform3D(0.999331, -0.00163092, -0.0365293, 0.000130417, 0.999157, -0.0410414, 0.0365655, 0.0410092, 0.998489, -6.90223e-05, -1.55567e-05, 0.00215253)
bones/39/pose = Transform3D(0.999714, -0.0149105, 0.018713, 0.000389004, 0.792113, 0.610374, -0.0239238, -0.610191, 0.791893, -1.49012e-08, 8.94487e-11, 5.95151e-08)
bones/40/pose = Transform3D(0.999938, -0.00672981, 0.00888889, -9.45956e-05, 0.792123, 0.610361, -0.0111487, -0.610324, 0.792074, -1.48118e-08, -5.94257e-08, -1.48788e-08)
bones/41/pose = Transform3D(0.996867, -0.0050879, -0.0789336, -0.00262699, 0.995248, -0.0973285, 0.0790537, 0.0972308, 0.992117, -0.00020209, -0.000143886, 0.00513867)
bones/42/pose = Transform3D(0.999539, -0.0231294, 0.0196517, 0.000647117, 0.663584, 0.748102, -0.0303436, -0.747745, 0.663293, -2.97576e-08, 5.95151e-08, 2.97576e-08)
bones/43/pose = Transform3D(0.999928, -0.00887487, 0.00803255, -0.000119641, 0.663602, 0.748085, -0.0119696, -0.748031, 0.663555, 4.47244e-11, 5.95151e-08, 2.98023e-08)
bones/44/pose = Transform3D(0.967751, 0.17673, 0.103024, -0.179094, 0.972689, 0.0137374, -0.0988529, -0.0320929, 0.983698, -1.40626e-08, 1.19209e-07, 1.82072e-08)
bones/45/pose = Transform3D(0.999272, 0.000162942, 0.000336074, -4.44409e-05, 0.944647, -0.325863, -0.000370838, 0.325863, 0.944646, -2.6448e-08, 2.98023e-08, 0)
bones/46/pose = Transform3D(0.989102, -0.131882, -0.166944, 0.0898144, 0.978517, -0.24088, 0.192864, 0.220673, 0.968345, -2.47708e-08, -5.77342e-09, 0)
bones/47/pose = Transform3D(0.999999, 0.00113958, 0.0013081, -0.000674151, 0.950001, -0.312247, -0.00159853, 0.312245, 0.95, 1.49012e-08, 0, 0)
bones/48/pose = Transform3D(1.03114, -0.0402024, -0.0356135, 0.0373092, 1.02868, -0.0809987, 0.0386327, 0.0795991, 1.02878, 0, 6.70865e-09, 2.15131e-08)
bones/49/pose = Transform3D(1.00202, 1.17167e-06, 0.00037451, -4.45844e-05, 0.995262, 0.116174, -0.000371848, -0.116174, 0.995262, 0, -5.89757e-08, 0)
bones/50/pose = Transform3D(0.953088, 0.145295, -0.0685629, -0.152503, 0.947937, -0.111103, 0.050542, 0.120375, 0.957677, 1.49012e-08, 0, 0)
bones/51/pose = Transform3D(0.999999, 0.000674237, 0.0015985, -0.000674214, 1, -1.46378e-05, -0.00159851, 1.35601e-05, 0.999999, 0, 0, -3.72529e-09)
bones/52/pose = Transform3D(1, 0, 0, 0, 1, 0, 0, 0, 1, -3.26379e-09, 0, 0)

[node name="AnimationPlayer" type="AnimationPlayer" parent="."]
anims/Fall = ExtResource( 7 )
anims/Idle = ExtResource( 2 )
anims/Jump = ExtResource( 5 )
anims/Run = ExtResource( 3 )
anims/Walk = ExtResource( 4 )
blend_times = []
script = null

[node name="Collision" type="CollisionShape3D" parent="."]
transform = Transform3D(1, 0, 0, 0, 1, 0, 0, 0, 1, 0, 0.8, 0)
shape = SubResource( 3 )
script = null

[node name="AnimationTree" type="AnimationTree" parent="."]
tree_root = SubResource( 7 )
anim_player = NodePath("../AnimationPlayer")
active = true
root_motion_track = NodePath("Skeleton:root")
parameters/StateGeneral/current = 0
parameters/StateJump/current = 0
parameters/StateLand/current = 0
script = null
