[gd_scene load_steps=18 format=2]

[ext_resource path="res://Player/Model/Skeleton.tscn" type="PackedScene" id=1]
[ext_resource path="res://Player/Animations/Idle.tres" type="Animation" id=2]
[ext_resource path="res://Player/Animations/Run.tres" type="Animation" id=3]
[ext_resource path="res://Player/Animations/Walk.tres" type="Animation" id=4]
[ext_resource path="res://Player/Animations/Jump.tres" type="Animation" id=5]
[ext_resource path="res://Player/Player.gd" type="Script" id=6]
[ext_resource path="res://Player/Animations/Fall.tres" type="Animation" id=7]

[sub_resource type="CapsuleShape3D" id=3]
radius = 0.2
height = 1.2

[sub_resource type="AnimationNodeAnimation" id=8]
filters = []
animation = &"Fall"

[sub_resource type="AnimationNodeAnimation" id=9]
filters = []
animation = &"Idle"

[sub_resource type="AnimationNodeAnimation" id=10]
filters = []
animation = &"Jump"

[sub_resource type="AnimationNodeAnimation" id=11]
filters = []
animation = &"Run"

[sub_resource type="AnimationNodeTransition" id=4]
input_count = 2
input_0/name = "state 0"
input_0/auto_advance = false
input_1/name = "state 1"
input_1/auto_advance = false

[sub_resource type="AnimationNodeTransition" id=5]
input_count = 2
input_0/name = "state 0"
input_0/auto_advance = false
input_1/name = "state 1"
input_1/auto_advance = false

[sub_resource type="AnimationNodeTransition" id=6]
input_count = 3
input_0/name = "state 0"
input_0/auto_advance = false
input_1/name = "state 1"
input_1/auto_advance = false
input_2/name = "state 2"
input_2/auto_advance = false

[sub_resource type="AnimationNodeAnimation" id=12]
filters = []
animation = &"Walk"

[sub_resource type="AnimationNodeBlendTree" id=7]
graph_offset = Vector2(-572.22, 2.81625)
nodes/Fall/node = SubResource( 8 )
nodes/Fall/position = Vector2(-400, 490)
nodes/Idle/node = SubResource( 9 )
nodes/Idle/position = Vector2(-400, 40)
nodes/Jump/node = SubResource( 10 )
nodes/Jump/position = Vector2(-400, 380)
nodes/Run/node = SubResource( 11 )
nodes/Run/position = Vector2(-400, 260)
nodes/StateGeneral/node = SubResource( 4 )
nodes/StateGeneral/position = Vector2(110, 140)
nodes/StateJump/node = SubResource( 5 )
nodes/StateJump/position = Vector2(-130, 250)
nodes/StateLand/node = SubResource( 6 )
nodes/StateLand/position = Vector2(-130, 60)
nodes/Walk/node = SubResource( 12 )
nodes/Walk/position = Vector2(-400, 150)
node_connections = [&"StateGeneral", 0, &"StateLand", &"StateGeneral", 1, &"StateJump", &"StateLand", 0, &"Idle", &"StateLand", 1, &"Walk", &"StateLand", 2, &"Run", &"StateJump", 0, &"Jump", &"StateJump", 1, &"Fall", &"output", 0, &"StateGeneral"]

[node name="Player" type="CharacterBody3D"]
stop_on_slope = true
script = ExtResource( 6 )

[node name="Skeleton" parent="." instance=ExtResource( 1 )]
bones/0/pose = Transform3D(0.999831, -0.00475038, -0.0177383, 0.00489456, 0.999955, 0.00809353, 0.0176991, -0.00817898, 0.99981, 0.000162992, 0.0161364, -0.00180549)
bones/1/pose = Transform3D(0.999483, 0.0321674, -8.71302e-05, -0.0321674, 0.999468, -0.00541831, -8.72093e-05, 0.00541831, 0.999985, 3.98079e-10, 5.09512e-08, -1.08168e-09)
bones/2/pose = Transform3D(0.998351, 0.0260364, -0.0511519, -0.0239027, 0.998836, 0.0418909, 0.0521831, -0.0405991, 0.997812, 1.45701e-09, -1.19209e-07, 8.11279e-10)
bones/3/pose = Transform3D(0.99387, -0.0109057, -0.110016, 0.0159499, 0.998855, 0.0450746, 0.109399, -0.046553, 0.992907, 1.62272e-09, 6.72834e-08, 3.72529e-09)
bones/4/pose = Transform3D(0.997395, 0.0386015, 0.0609358, -0.0357774, 0.998264, -0.0467763, -0.0626357, 0.0444743, 0.997045, -1.86283e-09, 0, 0)
bones/5/pose = Transform3D(0.997512, 0.00503376, 0.0703154, -0.00178868, 0.998933, -0.0461373, -0.0704726, 0.0458968, 0.996457, -3.72465e-09, -6.72834e-08, 1.53124e-09)
bones/6/pose = Transform3D(1, -6.13672e-08, 2.98024e-08, 6.13672e-08, 1, -1.19223e-07, -2.98024e-08, 1.19223e-07, 1, 0, 7.44555e-09, 0)
bones/7/pose = Transform3D(0.875817, -0.460629, -0.1441, 0.265197, 0.20983, 0.941085, -0.403255, -0.862434, 0.305931, -7.34397e-09, 7.34397e-09, 0)
bones/8/pose = Transform3D(0.7819, 0.622538, 0.0328305, -0.622538, 0.776958, 0.0937106, 0.0328305, -0.0937106, 0.995058, -2.45973e-08, -3.84541e-08, 0)
bones/9/pose = Transform3D(0.953369, -0.108029, 0.281812, 0.0565215, 0.981132, 0.184893, -0.296469, -0.160343, 0.941486, 2.98023e-08, -4.2785e-08, 1.68196e-08)
bones/10/pose = Transform3D(0.982006, -0.188769, -0.0055073, 0.188768, 0.980317, 0.0578439, -0.00552022, -0.0578426, 0.99831, 6.97992e-06, -2.03361e-06, -8.62504e-07)
bones/11/pose = Transform3D(0.945387, -0.324995, -0.0249112, 0.325098, 0.94568, 5.77131e-05, 0.0235393, -0.00815313, 0.99969, 3.52509e-09, 3.52509e-09, -1.40199e-08)
bones/12/pose = Transform3D(0.945499, -0.325624, 1.14193e-06, 0.325624, 0.945499, 3.66053e-06, -2.27165e-06, -3.08919e-06, 1, -3.52509e-09, 5.25544e-08, -1.40199e-08)
bones/13/pose = Transform3D(0.999867, 3.21125e-06, 0.0163034, -3.16557e-06, 0.999999, -2.82764e-06, -0.0163034, 2.77565e-06, 0.999867, 3.3107e-06, -6.27259e-06, -6.27612e-07)
bones/14/pose = Transform3D(0.999714, 0.0099751, -0.0217478, -0.000388322, 0.915593, 0.402106, 0.0239232, -0.401983, 0.915335, 1.40199e-08, -3.52509e-09, 1.76255e-09)
bones/15/pose = Transform3D(0.999938, 0.004397, -0.0102459, 9.38852e-05, 0.9156, 0.40209, 0.0111492, -0.402066, 0.915543, 1.49012e-08, -5.25544e-08, -1.79655e-08)
bones/16/pose = Transform3D(0.999881, 3.32038e-06, 0.0154161, -3.27994e-06, 1, -2.6487e-06, -0.0154161, 2.59782e-06, 0.999881, 3.34447e-06, -6.27964e-06, -7.3977e-07)
bones/17/pose = Transform3D(0.999757, 0.00916376, -0.0200261, -0.000337775, 0.915593, 0.402105, 0.0220205, -0.402001, 0.915375, 3.50497e-08, -5.60795e-08, -2.62772e-08)
bones/18/pose = Transform3D(0.999946, 0.00410434, -0.0095349, 7.59833e-05, 0.915598, 0.402093, 0.0103805, -0.402071, 0.915549, 2.10298e-08, 1.15684e-07, -1.40199e-08)
bones/19/pose = Transform3D(0.999867, 3.97857e-06, 0.0163037, -3.93484e-06, 0.999999, -2.71469e-06, -0.0163037, 2.65017e-06, 0.999867, 3.34535e-06, -6.22708e-06, -5.66244e-07)
bones/20/pose = Transform3D(0.999714, 0.00997518, -0.0217478, -0.000388401, 0.915593, 0.402106, 0.0239232, -0.401983, 0.915335, -4.40637e-10, -5.60795e-08, 0)
bones/21/pose = Transform3D(0.999938, 0.00439733, -0.0102458, 9.35465e-05, 0.9156, 0.40209, 0.0111492, -0.402066, 0.915543, -4.40637e-10, -3.52509e-09, 3.50497e-09)
bones/22/pose = Transform3D(0.999772, 4.31639e-06, 0.0213428, -4.23512e-06, 1, -3.8531e-06, -0.0213428, 3.76183e-06, 0.999772, 3.33702e-06, -6.22003e-06, -5.68007e-07)
bones/23/pose = Transform3D(0.999539, 0.0127917, -0.0275218, -0.000645286, 0.915589, 0.402115, 0.0303423, -0.401912, 0.915176, -4.40637e-10, -3.52509e-09, -3.52509e-09)
bones/24/pose = Transform3D(0.999928, 0.0047062, -0.0110079, 0.000117174, 0.915599, 0.40209, 0.0119712, -0.402062, 0.915534, -1.57825e-08, 1.15684e-07, 0)
bones/25/pose = Transform3D(1, 3.33275e-08, -2.89261e-08, -3.33275e-08, 1, -1.18785e-07, 2.89261e-08, 1.18785e-07, 1, -2.87007e-08, -7.61079e-09, -1.05109e-07)
bones/26/pose = Transform3D(0.922308, 0.366435, -0.122775, -0.0333233, 0.39192, 0.919395, 0.385017, -0.843874, 0.373682, -5.34797e-09, 2.23517e-08, -8.35619e-11)
bones/27/pose = Transform3D(0.782683, -0.62156, -0.0327065, 0.62156, 0.777759, 0.0935684, -0.0327206, -0.0935634, 0.995076, -2.98023e-08, 9.32462e-08, -5.95389e-08)
bones/28/pose = Transform3D(0.878503, 0.461322, -0.124146, -0.395669, 0.848226, 0.352075, 0.267724, -0.260178, 0.927701, -1.68209e-08, -3.36417e-08, 1.64266e-11)
bones/29/pose = Transform3D(0.958101, 0.28411, 0.0363944, -0.284109, 0.926477, 0.246823, 0.0364064, -0.246821, 0.968377, -5.63964e-06, -3.77272e-06, -2.09321e-06)
bones/30/pose = Transform3D(0.958032, 0.275532, 0.0791028, -0.276415, 0.961038, 0.000220653, -0.0759601, -0.0220766, 0.996866, -8.81269e-10, -5.96046e-08, -5.68803e-09)
bones/31/pose = Transform3D(0.960551, 0.278104, -8.96044e-07, -0.278104, 0.960551, 3.45702e-06, 1.82211e-06, -3.07145e-06, 1, 1.10657e-08, 5.96046e-08, -1.05149e-08)
bones/32/pose = Transform3D(0.999867, -3.16108e-06, -0.0163035, 3.11319e-06, 0.999999, -2.96325e-06, 0.0163035, 2.9121e-06, 0.999867, -1.24817e-06, -6.6863e-06, -1.87931e-06)
bones/33/pose = Transform3D(0.999714, -0.0142845, 0.0191948, 0.000389228, 0.811837, 0.583884, -0.0239235, -0.58371, 0.81161, 1.31386e-08, -5.25544e-08, 2.80398e-08)
bones/34/pose = Transform3D(0.999938, -0.00643271, 0.00910638, -9.45877e-05, 0.811845, 0.583871, -0.0111489, -0.583835, 0.811795, 1.40199e-08, -3.52509e-09, 1.49012e-08)
bones/35/pose = Transform3D(0.999743, -0.000551425, -0.0226796, 0.000375491, 0.99997, -0.00776092, 0.0226832, 0.00775041, 0.999713, -2.57168e-05, -3.59391e-06, 0.00040555)
bones/36/pose = Transform3D(0.999757, -0.0131322, 0.0176798, 0.000338395, 0.811838, 0.583883, -0.0220208, -0.583735, 0.811646, 8.81276e-10, -3.52509e-09, 2.80398e-08)
bones/37/pose = Transform3D(0.999946, -0.00599793, 0.00847178, -7.70299e-05, 0.811844, 0.583872, -0.0103798, -0.58384, 0.811802, 0, 0, -1.31386e-08)
bones/38/pose = Transform3D(0.999331, -0.00163091, -0.0365293, 0.000130409, 0.999157, -0.0410414, 0.0365655, 0.0410092, 0.998489, -6.90643e-05, -1.55007e-05, 0.00215256)
bones/39/pose = Transform3D(0.999714, -0.0149105, 0.018713, 0.000389003, 0.792113, 0.610374, -0.0239238, -0.610191, 0.791893, -1.49012e-08, 5.60795e-08, 3.52509e-09)
bones/40/pose = Transform3D(0.999938, -0.00672983, 0.00888889, -9.45777e-05, 0.792123, 0.610361, -0.0111487, -0.610324, 0.792074, 4.11784e-08, 5.25544e-08, -8.81276e-10)
bones/41/pose = Transform3D(0.996867, -0.00508789, -0.0789336, -0.00262699, 0.995248, -0.0973285, 0.0790538, 0.0972308, 0.992117, -0.000202202, -0.000143773, 0.00513859)
bones/42/pose = Transform3D(0.999539, -0.0231293, 0.0196517, 0.000647099, 0.663584, 0.748102, -0.0303436, -0.747745, 0.663293, -1.76255e-09, 3.52509e-09, 1.76255e-09)
bones/43/pose = Transform3D(0.999928, -0.00887487, 0.00803255, -0.00011964, 0.663602, 0.748085, -0.0119696, -0.748031, 0.663554, 2.80398e-08, 3.52509e-09, 2.98023e-08)
bones/44/pose = Transform3D(0.972613, 0.147411, 0.0997566, -0.149761, 0.977225, 0.0161003, -0.096191, -0.0309464, 0.983599, -7.45058e-09, 2.59629e-08, 1.74837e-08)
bones/45/pose = Transform3D(0.999262, 0.00016821, 0.000333463, -4.4442e-05, 0.939392, -0.340685, -0.000370833, 0.340686, 0.939391, -2.50812e-08, 2.03601e-08, 0)
bones/46/pose = Transform3D(0.992562, -0.105, -0.167847, 0.0665911, 0.985155, -0.222451, 0.186447, 0.207118, 0.972995, -6.48945e-09, 8.41047e-09, 0)
bones/47/pose = Transform3D(0.999999, 0.00113958, 0.0013081, -0.000674151, 0.950001, -0.312247, -0.00159853, 0.312245, 0.95, 1.49012e-08, 0, 0)
bones/48/pose = Transform3D(1.02901, -0.0677856, -0.0324072, 0.0649831, 1.02632, -0.0833687, 0.0377126, 0.0811031, 1.0279, 0, -5.19256e-08, 1.90049e-08)
bones/49/pose = Transform3D(1.00191, 2.06748e-06, 0.000374464, -4.45817e-05, 0.995424, 0.113786, -0.000371806, -0.113786, 0.995424, -2.44784e-09, -4.98127e-08, 0)
bones/50/pose = Transform3D(0.951563, 0.165594, -0.0531371, -0.17086, 0.94528, -0.113878, 0.0324316, 0.121408, 0.959128, -1.44375e-12, -4.20522e-09, 0)
bones/51/pose = Transform3D(0.999999, 0.000674237, 0.0015985, -0.000674214, 1, -1.46378e-05, -0.00159851, 1.35601e-05, 0.999999, 0, 0, -3.72529e-09)
bones/52/pose = Transform3D(1, 0, 0, 0, 1, 0, 0, 0, 1, -3.26379e-09, 0, 0)

[node name="AnimationPlayer" type="AnimationPlayer" parent="."]
anims/Fall = ExtResource( 7 )
anims/Idle = ExtResource( 2 )
anims/Jump = ExtResource( 5 )
anims/Run = ExtResource( 3 )
anims/Walk = ExtResource( 4 )
blend_times = []
script = null

[node name="Collision" type="CollisionShape3D" parent="."]
transform = Transform3D(1, 0, 0, 0, 1, 0, 0, 0, 1, 0, 0.8, 0)
shape = SubResource( 3 )
script = null

[node name="AnimationTree" type="AnimationTree" parent="."]
tree_root = SubResource( 7 )
anim_player = NodePath("../AnimationPlayer")
active = true
root_motion_track = NodePath("Skeleton:root")
parameters/StateGeneral/current = 0
parameters/StateJump/current = 0
parameters/StateLand/current = 0
script = null
