[gd_scene load_steps=18 format=3]

[ext_resource path="res://Player/Model/Skeleton.tscn" type="PackedScene" id="1"]
[ext_resource path="res://Player/Animations/Idle.tres" type="Animation" id="2"]
[ext_resource path="res://Player/Animations/Run.tres" type="Animation" id="3"]
[ext_resource path="res://Player/Animations/Walk.tres" type="Animation" id="4"]
[ext_resource path="res://Player/Animations/Jump.tres" type="Animation" id="5"]
[ext_resource path="res://Player/Player.gd" type="Script" id="6"]
[ext_resource path="res://Player/Animations/Fall.tres" type="Animation" id="7"]

[sub_resource type="CapsuleShape3D" id="3"]
radius = 0.2
height = 1.2

[sub_resource type="AnimationNodeAnimation" id="8"]
filters = []
animation = &"Fall"

[sub_resource type="AnimationNodeAnimation" id="9"]
filters = []
animation = &"Idle"

[sub_resource type="AnimationNodeAnimation" id="10"]
filters = []
animation = &"Jump"

[sub_resource type="AnimationNodeAnimation" id="11"]
filters = []
animation = &"Run"

[sub_resource type="AnimationNodeTransition" id="4"]
input_count = 2
input_0/name = "state 0"
input_0/auto_advance = false
input_1/name = "state 1"
input_1/auto_advance = false

[sub_resource type="AnimationNodeTransition" id="5"]
input_count = 2
input_0/name = "state 0"
input_0/auto_advance = false
input_1/name = "state 1"
input_1/auto_advance = false

[sub_resource type="AnimationNodeTransition" id="6"]
input_count = 3
input_0/name = "state 0"
input_0/auto_advance = false
input_1/name = "state 1"
input_1/auto_advance = false
input_2/name = "state 2"
input_2/auto_advance = false

[sub_resource type="AnimationNodeAnimation" id="12"]
filters = []
animation = &"Walk"

[sub_resource type="AnimationNodeBlendTree" id="7"]
graph_offset = Vector2(-572.22, 2.81625)
nodes/Fall/node = SubResource( "8" )
nodes/Fall/position = Vector2(-400, 490)
nodes/Idle/node = SubResource( "9" )
nodes/Idle/position = Vector2(-400, 40)
nodes/Jump/node = SubResource( "10" )
nodes/Jump/position = Vector2(-400, 380)
nodes/Run/node = SubResource( "11" )
nodes/Run/position = Vector2(-400, 260)
nodes/StateGeneral/node = SubResource( "4" )
nodes/StateGeneral/position = Vector2(110, 140)
nodes/StateJump/node = SubResource( "5" )
nodes/StateJump/position = Vector2(-130, 250)
nodes/StateLand/node = SubResource( "6" )
nodes/StateLand/position = Vector2(-130, 60)
nodes/Walk/node = SubResource( "12" )
nodes/Walk/position = Vector2(-400, 150)
node_connections = [&"StateJump", 0, &"Jump", &"StateJump", 1, &"Fall", &"StateLand", 0, &"Idle", &"StateLand", 1, &"Walk", &"StateLand", 2, &"Run", &"StateGeneral", 0, &"StateLand", &"StateGeneral", 1, &"StateJump", &"output", 0, &"StateGeneral"]

[node name="Player" type="CharacterBody3D"]
stop_on_slope = true
infinite_inertia = false
script = ExtResource( "6" )

[node name="Skeleton" parent="." instance=ExtResource( "1" )]
bones/0/pose = Transform3D(0.99916, -0.0277034, -0.0301801, 0.0290408, 0.998573, 0.0448183, 0.0288954, -0.0456571, 0.998539, 0.0224306, 0.0138549, -0.000648253)
bones/1/pose = Transform3D(0.999539, 0.0303407, -0.000453437, -0.0303407, 0.999095, -0.0297924, -0.000450893, 0.0297924, 0.999556, -3.4924e-09, 5.58815e-08, 4.65382e-10)
bones/2/pose = Transform3D(0.995539, 0.038955, -0.0859312, -0.0362849, 0.998815, 0.0324196, 0.0870923, -0.029157, 0.995773, 1.16397e-09, 1.19209e-07, -1.86265e-09)
bones/3/pose = Transform3D(0.993924, -0.00550132, -0.109933, 0.0121092, 0.998152, 0.0595316, 0.109402, -0.060501, 0.992155, 4.65693e-09, 0, 3.72529e-09)
bones/4/pose = Transform3D(0.998023, 0.0318599, 0.0541817, -0.0285533, 0.997745, -0.0607426, -0.0559948, 0.0590754, 0.996682, -1.64375e-09, 4.47127e-08, 1.72268e-08)
bones/5/pose = Transform3D(0.998094, 0.000920793, 0.0617011, 0.00280205, 0.998181, -0.060223, -0.0616443, 0.0602811, 0.996276, 3.33025e-14, 4.47127e-08, -6.0533e-09)
bones/6/pose = Transform3D(1, -6.44723e-08, 2.98024e-08, 6.44723e-08, 1, -1.19247e-07, -2.98024e-08, 1.19247e-07, 1, 0, 5.79596e-09, 0)
bones/7/pose = Transform3D(0.854439, -0.502246, -0.132977, 0.261527, 0.194617, 0.945372, -0.44893, -0.84254, 0.297639, 8.84787e-09, 1.67626e-08, 4.46182e-08)
bones/8/pose = Transform3D(0.746944, 0.663795, 0.0380926, -0.663795, 0.74121, 0.099921, 0.0380925, -0.099921, 0.994266, -1.54275e-08, -1.1929e-09, 0)
bones/9/pose = Transform3D(0.95762, -0.124787, 0.259598, 0.10298, 0.990038, 0.0960242, -0.268995, -0.0652213, 0.96093, 1.84786e-08, 3.72482e-08, 0)
bones/10/pose = Transform3D(0.982006, -0.188769, -0.0055073, 0.188768, 0.980317, 0.0578439, -0.00552022, -0.0578426, 0.99831, 6.99243e-06, -2.04603e-06, -8.59399e-07)
bones/11/pose = Transform3D(0.945387, -0.324995, -0.0249112, 0.325098, 0.94568, 5.77169e-05, 0.0235393, -0.00815314, 0.99969, 9.7353e-09, 9.7353e-09, -1.24674e-08)
bones/12/pose = Transform3D(0.945499, -0.325624, 1.13597e-06, 0.325624, 0.945499, 3.65993e-06, -2.26582e-06, -3.09056e-06, 1, -9.7353e-09, 4.0134e-08, -1.24674e-08)
bones/13/pose = Transform3D(0.999867, 3.21047e-06, 0.0163034, -3.16479e-06, 0.999999, -2.82802e-06, -0.0163034, 2.77604e-06, 0.999867, 3.31536e-06, -6.29743e-06, -6.30717e-07)
bones/14/pose = Transform3D(0.999714, 0.0099751, -0.0217478, -0.00038832, 0.915593, 0.402107, 0.0239232, -0.401983, 0.915335, 1.24674e-08, -9.7353e-09, 4.86765e-09)
bones/15/pose = Transform3D(0.999938, 0.004397, -0.0102459, 9.38864e-05, 0.9156, 0.40209, 0.0111491, -0.402066, 0.915543, 1.49012e-08, -4.0134e-08, -1.68011e-08)
bones/16/pose = Transform3D(0.999881, 3.31962e-06, 0.0154161, -3.27916e-06, 1, -2.64986e-06, -0.0154161, 2.599e-06, 0.999881, 3.35611e-06, -6.3169e-06, -7.30455e-07)
bones/17/pose = Transform3D(0.999757, 0.00916376, -0.0200261, -0.00033778, 0.915593, 0.402105, 0.0220205, -0.402001, 0.915375, 3.11683e-08, -4.98693e-08, -2.0067e-08)
bones/18/pose = Transform3D(0.999946, 0.00410434, -0.00953489, 7.59806e-05, 0.915598, 0.402093, 0.0103805, -0.402071, 0.915549, 1.8701e-08, 1.09474e-07, -1.24674e-08)
bones/19/pose = Transform3D(0.999867, 3.97935e-06, 0.0163037, -3.93561e-06, 0.999999, -2.71508e-06, -0.0163037, 2.65055e-06, 0.999867, 3.35855e-06, -6.27676e-06, -5.66244e-07)
bones/20/pose = Transform3D(0.999714, 0.00997518, -0.0217478, -0.000388399, 0.915593, 0.402107, 0.0239232, -0.401983, 0.915335, -1.21691e-09, -4.98693e-08, 0)
bones/21/pose = Transform3D(0.999938, 0.00439734, -0.0102458, 9.35453e-05, 0.9156, 0.40209, 0.0111492, -0.402066, 0.915543, -1.21691e-09, -9.7353e-09, 3.11683e-09)
bones/22/pose = Transform3D(0.999772, 4.31484e-06, 0.0213428, -4.23356e-06, 1, -3.85347e-06, -0.0213428, 3.76224e-06, 0.999772, 3.34866e-06, -6.25729e-06, -5.71112e-07)
bones/23/pose = Transform3D(0.999539, 0.0127917, -0.0275218, -0.000645288, 0.915589, 0.402115, 0.0303423, -0.401912, 0.915176, -1.21691e-09, -9.7353e-09, -9.7353e-09)
bones/24/pose = Transform3D(0.999928, 0.00470621, -0.0110079, 0.000117173, 0.915599, 0.40209, 0.0119712, -0.402062, 0.915534, -1.7335e-08, 1.09474e-07, 0)
bones/25/pose = Transform3D(1, 3.95377e-08, -2.90231e-08, -3.95377e-08, 1, -1.18858e-07, 2.90231e-08, 1.18858e-07, 1, -2.676e-08, -6.2523e-09, -8.02679e-08)
bones/26/pose = Transform3D(0.930506, 0.347381, -0.116125, -0.0454321, 0.424057, 0.904495, 0.363448, -0.836362, 0.41037, 2.79456e-09, -5.58912e-09, -4.3665e-11)
bones/27/pose = Transform3D(0.748986, -0.661507, -0.0377851, 0.661507, 0.743298, 0.0995766, -0.0377851, -0.0995767, 0.994312, -2.01965e-08, -5.29251e-08, -5.29251e-08)
bones/28/pose = Transform3D(0.8411, 0.522501, -0.139793, -0.435375, 0.807388, 0.39821, 0.320933, -0.274072, 0.906579, 1.49106e-08, -4.47129e-08, -5.95828e-08)
bones/29/pose = Transform3D(0.958101, 0.28411, 0.0363944, -0.284109, 0.926477, 0.246823, 0.0364064, -0.246821, 0.968377, -5.65196e-06, -3.80377e-06, -2.10563e-06)
bones/30/pose = Transform3D(0.958032, 0.275532, 0.0791028, -0.276415, 0.961038, 0.000220651, -0.0759601, -0.0220766, 0.996866, -2.43383e-09, -5.96046e-08, -2.58293e-09)
bones/31/pose = Transform3D(0.960551, 0.278104, -8.96309e-07, -0.278104, 0.960551, 3.45864e-06, 1.82281e-06, -3.07293e-06, 1, 1.08717e-08, 5.96046e-08, -9.35052e-09)
bones/32/pose = Transform3D(0.999867, -3.16186e-06, -0.0163035, 3.11396e-06, 0.999999, -2.96374e-06, 0.0163035, 2.91258e-06, 0.999867, -1.24196e-06, -6.70493e-06, -1.88242e-06)
bones/33/pose = Transform3D(0.999714, -0.0142845, 0.0191948, 0.000389226, 0.811837, 0.583884, -0.0239235, -0.58371, 0.81161, 1.00335e-08, -4.0134e-08, 2.49346e-08)
bones/34/pose = Transform3D(0.999938, -0.0064327, 0.00910638, -9.45898e-05, 0.811845, 0.583871, -0.0111489, -0.583835, 0.811795, 1.24674e-08, -9.7353e-09, 1.49012e-08)
bones/35/pose = Transform3D(0.999743, -0.000551428, -0.0226796, 0.000375493, 0.99997, -0.00776092, 0.0226832, 0.00775041, 0.999713, -2.57121e-05, -3.62496e-06, 0.00040555)
bones/36/pose = Transform3D(0.999757, -0.0131322, 0.0176798, 0.000338397, 0.811838, 0.583883, -0.0220208, -0.583735, 0.811646, 2.43383e-09, -9.7353e-09, 2.49346e-08)
bones/37/pose = Transform3D(0.999946, -0.00599794, 0.00847178, -7.70276e-05, 0.811844, 0.583872, -0.0103798, -0.58384, 0.811802, 0, 0, -1.00335e-08)
bones/38/pose = Transform3D(0.999331, -0.00163091, -0.0365293, 0.00013041, 0.999157, -0.0410414, 0.0365655, 0.0410092, 0.998489, -6.90596e-05, -1.55069e-05, 0.00215256)
bones/39/pose = Transform3D(0.999714, -0.0149105, 0.018713, 0.000389003, 0.792113, 0.610374, -0.0239238, -0.610191, 0.791893, -1.49012e-08, 4.98693e-08, 9.7353e-09)
bones/40/pose = Transform3D(0.999938, -0.00672983, 0.00888889, -9.45802e-05, 0.792123, 0.610361, -0.0111487, -0.610324, 0.792074, 3.49682e-08, 4.0134e-08, -2.43383e-09)
bones/41/pose = Transform3D(0.996867, -0.00508789, -0.0789336, -0.00262699, 0.995248, -0.0973285, 0.0790538, 0.0972308, 0.992117, -0.00020219, -0.000143786, 0.0051386)
bones/42/pose = Transform3D(0.999539, -0.0231293, 0.0196517, 0.000647101, 0.663584, 0.748102, -0.0303436, -0.747745, 0.663293, -4.86765e-09, 9.7353e-09, 4.86765e-09)
bones/43/pose = Transform3D(0.999928, -0.00887487, 0.00803255, -0.000119641, 0.663602, 0.748085, -0.0119696, -0.748031, 0.663554, 2.49346e-08, 9.7353e-09, 2.98023e-08)
bones/44/pose = Transform3D(0.98026, 0.0915571, 0.0910983, -0.0912875, 0.984483, -0.00714483, -0.0913713, -0.00132735, 0.984469, -3.72293e-09, 1.04317e-07, 7.45058e-09)
bones/45/pose = Transform3D(0.999244, 0.000177113, 0.00032881, -4.44428e-05, 0.929875, -0.365814, -0.000370824, 0.365814, 0.929875, -1.6764e-08, 3.72564e-09, 0)
bones/46/pose = Transform3D(0.997828, -0.0693466, -0.154785, 0.0431002, 0.997122, -0.168803, 0.164039, 0.159839, 0.985888, 1.48992e-08, 3.72293e-09, 0)
bones/47/pose = Transform3D(0.999999, 0.00113958, 0.0013081, -0.000674151, 0.950001, -0.312247, -0.00159853, 0.312245, 0.95, 1.49012e-08, 0, 0)
bones/48/pose = Transform3D(1.02056, -0.12467, -0.0152796, 0.122097, 1.01405, -0.118788, 0.0294696, 0.116079, 1.0213, 0, 4.96763e-08, 1.55217e-08)
bones/49/pose = Transform3D(1.00171, 3.64888e-06, 0.000374377, -4.4577e-05, 0.995696, 0.109569, -0.000371732, -0.109569, 0.995696, -6.76024e-09, -3.25621e-08, 0)
bones/50/pose = Transform3D(0.955422, 0.172056, -0.00341366, -0.171347, 0.94932, -0.108977, -0.015976, 0.107853, 0.964655, 2.13027e-13, -1.86146e-09, 0)
bones/51/pose = Transform3D(0.999999, 0.000674237, 0.0015985, -0.000674214, 1, -1.46378e-05, -0.00159851, 1.35601e-05, 0.999999, 0, 0, -3.72529e-09)
bones/52/pose = Transform3D(1, 0, 0, 0, 1, 0, 0, 0, 1, -3.26379e-09, 0, 0)

[node name="AnimationPlayer" type="AnimationPlayer" parent="."]
anims/Fall = ExtResource( "7" )
anims/Idle = ExtResource( "2" )
anims/Jump = ExtResource( "5" )
anims/Run = ExtResource( "3" )
anims/Walk = ExtResource( "4" )
blend_times = []
script = null

[node name="Collision" type="CollisionShape3D" parent="."]
transform = Transform3D(1, 0, 0, 0, 1, 0, 0, 0, 1, 0, 0.8, 0)
shape = SubResource( "3" )
script = null

[node name="AnimationTree" type="AnimationTree" parent="."]
tree_root = SubResource( "7" )
anim_player = NodePath("../AnimationPlayer")
active = true
root_motion_track = NodePath("Skeleton:root")
parameters/StateGeneral/current = 0
parameters/StateJump/current = 0
parameters/StateLand/current = 0
script = null
