[gd_scene load_steps=18 format=2]

[ext_resource path="res://Player/Model/Skeleton.tscn" type="PackedScene" id=1]
[ext_resource path="res://Player/Animations/Idle.tres" type="Animation" id=2]
[ext_resource path="res://Player/Animations/Run.tres" type="Animation" id=3]
[ext_resource path="res://Player/Animations/Walk.tres" type="Animation" id=4]
[ext_resource path="res://Player/Animations/Jump.tres" type="Animation" id=5]
[ext_resource path="res://Player/Player.gd" type="Script" id=6]
[ext_resource path="res://Player/Animations/Fall.tres" type="Animation" id=7]

[sub_resource type="CapsuleShape3D" id=3]
radius = 0.2
height = 1.2

[sub_resource type="AnimationNodeAnimation" id=8]
filters = []
animation = &"Fall"

[sub_resource type="AnimationNodeAnimation" id=9]
filters = []
animation = &"Idle"

[sub_resource type="AnimationNodeAnimation" id=10]
filters = []
animation = &"Jump"

[sub_resource type="AnimationNodeAnimation" id=11]
filters = []
animation = &"Run"

[sub_resource type="AnimationNodeTransition" id=4]
input_count = 2
input_0/name = "state 0"
input_0/auto_advance = false
input_1/name = "state 1"
input_1/auto_advance = false

[sub_resource type="AnimationNodeTransition" id=5]
input_count = 2
input_0/name = "state 0"
input_0/auto_advance = false
input_1/name = "state 1"
input_1/auto_advance = false

[sub_resource type="AnimationNodeTransition" id=6]
input_count = 3
input_0/name = "state 0"
input_0/auto_advance = false
input_1/name = "state 1"
input_1/auto_advance = false
input_2/name = "state 2"
input_2/auto_advance = false

[sub_resource type="AnimationNodeAnimation" id=12]
filters = []
animation = &"Walk"

[sub_resource type="AnimationNodeBlendTree" id=7]
graph_offset = Vector2(-572.22, 2.81625)
nodes/Fall/node = SubResource( 8 )
nodes/Fall/position = Vector2(-400, 490)
nodes/Idle/node = SubResource( 9 )
nodes/Idle/position = Vector2(-400, 40)
nodes/Jump/node = SubResource( 10 )
nodes/Jump/position = Vector2(-400, 380)
nodes/Run/node = SubResource( 11 )
nodes/Run/position = Vector2(-400, 260)
nodes/StateGeneral/node = SubResource( 4 )
nodes/StateGeneral/position = Vector2(110, 140)
nodes/StateJump/node = SubResource( 5 )
nodes/StateJump/position = Vector2(-130, 250)
nodes/StateLand/node = SubResource( 6 )
nodes/StateLand/position = Vector2(-130, 60)
nodes/Walk/node = SubResource( 12 )
nodes/Walk/position = Vector2(-400, 150)
node_connections = [&"StateGeneral", 0, &"StateLand", &"StateGeneral", 1, &"StateJump", &"StateLand", 0, &"Idle", &"StateLand", 1, &"Walk", &"StateLand", 2, &"Run", &"StateJump", 0, &"Jump", &"StateJump", 1, &"Fall", &"output", 0, &"StateGeneral"]

[node name="Player" type="CharacterBody3D"]
stop_on_slope = true
script = ExtResource( 6 )

[node name="Skeleton" parent="." instance=ExtResource( 1 )]
bones/0/pose = Transform3D(0.994997, -0.0390761, 0.0919495, 0.0334696, 0.997531, 0.0617457, -0.0941352, -0.0583592, 0.993847, 0.0458087, 0.00304978, 0.00299371)
bones/1/pose = Transform3D(0.999867, 0.0163177, -0.000219981, -0.0163177, 0.999505, -0.0268871, -0.000218863, 0.0268871, 0.999638, 7.45047e-09, -1.00145e-08, 6.19877e-09)
bones/2/pose = Transform3D(0.984781, 0.034627, -0.170315, -0.0309033, 0.999223, 0.0244672, 0.17103, -0.0188316, 0.985086, 6.2187e-09, -9.94996e-08, -1.23184e-09)
bones/3/pose = Transform3D(0.996834, -0.0216549, -0.076509, 0.0252622, 0.998598, 0.0464987, 0.0753948, -0.0482843, 0.995984, 2.6003e-14, -9.5833e-10, -3.72529e-09)
bones/4/pose = Transform3D(0.999609, 0.0274919, 0.00503499, -0.0272265, 0.998533, -0.0468073, -0.00631443, 0.046652, 0.998891, -5.98401e-11, 5.91253e-08, -1.84767e-09)
bones/5/pose = Transform3D(0.999817, 0.0131584, 0.013907, -0.0124929, 0.998821, -0.0469022, -0.0145077, 0.0467199, 0.998803, -2.64312e-14, 6.00837e-08, 2.81643e-09)
bones/6/pose = Transform3D(1, -7.411e-08, 2.98024e-08, 7.411e-08, 1, -1.19323e-07, -2.98024e-08, 1.19323e-07, 1, 0, 6.75905e-10, 0)
bones/7/pose = Transform3D(0.847656, -0.512203, -0.138302, 0.274273, 0.199913, 0.940643, -0.454152, -0.835274, 0.309941, 4.60372e-09, 9.32835e-09, -4.35377e-11)
bones/8/pose = Transform3D(0.699181, 0.713509, 0.0452837, -0.713512, 0.692371, 0.107346, 0.045239, -0.107365, 0.99319, 5.67207e-08, -3.72325e-08, 0)
bones/9/pose = Transform3D(0.88798, -0.201891, 0.413197, 0.249085, 0.966423, -0.0630923, -0.386586, 0.158946, 0.908453, 1.47795e-08, 3.00419e-08, -1.47814e-08)
bones/10/pose = Transform3D(0.982006, -0.188769, -0.0055073, 0.188768, 0.980317, 0.0578439, -0.00552021, -0.0578426, 0.99831, 7.03128e-06, -2.08458e-06, -8.49762e-07)
bones/11/pose = Transform3D(0.945387, -0.324995, -0.0249112, 0.325098, 0.94568, 5.77304e-05, 0.0235393, -0.00815315, 0.99969, 2.90108e-08, 2.90108e-08, -7.64848e-09)
bones/12/pose = Transform3D(0.945499, -0.325624, 1.11747e-06, 0.325624, 0.945499, 3.65807e-06, -2.24773e-06, -3.09483e-06, 1, -2.90108e-08, 1.58302e-09, -7.64848e-09)
bones/13/pose = Transform3D(0.999867, 3.20807e-06, 0.0163034, -3.16237e-06, 0.999999, -2.8292e-06, -0.0163034, 2.77727e-06, 0.999867, 3.32982e-06, -6.37453e-06, -6.40354e-07)
bones/14/pose = Transform3D(0.999714, 0.00997509, -0.0217478, -0.000388314, 0.915593, 0.402106, 0.0239232, -0.401983, 0.915335, 7.64848e-09, -2.90108e-08, 1.45054e-08)
bones/15/pose = Transform3D(0.999938, 0.00439699, -0.0102459, 9.38915e-05, 0.9156, 0.40209, 0.0111491, -0.402066, 0.915543, 1.49012e-08, -1.58302e-09, -1.31869e-08)
bones/16/pose = Transform3D(0.999881, 3.31724e-06, 0.0154161, -3.27672e-06, 1, -2.65346e-06, -0.0154161, 2.60263e-06, 0.999881, 3.39226e-06, -6.43256e-06, -7.01542e-07)
bones/17/pose = Transform3D(0.999757, 0.00916375, -0.020026, -0.000337793, 0.915593, 0.402105, 0.0220205, -0.402001, 0.915375, 1.91211e-08, -3.05938e-08, -7.91511e-10)
bones/18/pose = Transform3D(0.999946, 0.00410434, -0.00953489, 7.59729e-05, 0.915598, 0.402093, 0.0103805, -0.402071, 0.915549, 1.14727e-08, 9.01983e-08, -7.64848e-09)
bones/19/pose = Transform3D(0.999867, 3.98177e-06, 0.0163037, -3.93801e-06, 0.999999, -2.7163e-06, -0.0163037, 2.65174e-06, 0.999867, 3.39951e-06, -6.43097e-06, -5.66244e-07)
bones/20/pose = Transform3D(0.999714, 0.00997517, -0.0217478, -0.000388393, 0.915593, 0.402106, 0.0239232, -0.401983, 0.915335, -3.62635e-09, -3.05938e-08, 0)
bones/21/pose = Transform3D(0.999938, 0.00439735, -0.0102458, 9.35416e-05, 0.9156, 0.40209, 0.0111492, -0.402066, 0.915543, -3.62635e-09, -2.90108e-08, 1.91211e-09)
bones/22/pose = Transform3D(0.999772, 4.31004e-06, 0.0213428, -4.22873e-06, 1, -3.85463e-06, -0.0213428, 3.7635e-06, 0.999772, 3.38481e-06, -6.37295e-06, -5.80749e-07)
bones/23/pose = Transform3D(0.999539, 0.0127917, -0.0275218, -0.000645293, 0.915589, 0.402115, 0.0303423, -0.401912, 0.915176, -3.62635e-09, -2.90108e-08, -2.90108e-08)
bones/24/pose = Transform3D(0.999928, 0.00470621, -0.0110079, 0.000117168, 0.915599, 0.40209, 0.0119712, -0.402062, 0.915534, -2.21539e-08, 9.01983e-08, 0)
bones/25/pose = Transform3D(1, 5.88132e-08, -2.93243e-08, -5.88132e-08, 1, -1.19084e-07, 2.93243e-08, 1.19084e-07, 1, -2.07364e-08, -2.03579e-09, -3.16604e-09)
bones/26/pose = Transform3D(0.84673, 0.50566, -0.165397, -0.124688, 0.490836, 0.862284, 0.517206, -0.709498, 0.478655, 3.27097e-09, 0, 0)
bones/27/pose = Transform3D(0.508997, -0.857589, -0.0739106, 0.857589, 0.497872, 0.129093, -0.0739106, -0.129093, 0.988874, 5.49687e-08, -3.07458e-09, -3.07458e-09)
bones/28/pose = Transform3D(0.792742, 0.60952, 0.00657647, -0.571524, 0.739487, 0.355694, 0.21194, -0.285733, 0.934579, -1.49055e-08, -4.79165e-10, 2.91038e-11)
bones/29/pose = Transform3D(0.958101, 0.28411, 0.0363944, -0.284109, 0.926477, 0.246823, 0.0364064, -0.246821, 0.968377, -5.69021e-06, -3.90015e-06, -2.14418e-06)
bones/30/pose = Transform3D(0.958032, 0.275532, 0.0791028, -0.276415, 0.961038, 0.000220645, -0.0759601, -0.0220766, 0.996866, -7.25272e-09, -5.96046e-08, 7.0548e-09)
bones/31/pose = Transform3D(0.960551, 0.278104, -8.97131e-07, -0.278104, 0.960551, 3.46368e-06, 1.825e-06, -3.07754e-06, 1, 1.02693e-08, 5.96046e-08, -5.73636e-09)
bones/32/pose = Transform3D(0.999867, -3.16429e-06, -0.0163035, 3.11636e-06, 0.999999, -2.96526e-06, 0.0163035, 2.91406e-06, 0.999867, -1.22269e-06, -6.76275e-06, -1.89205e-06)
bones/33/pose = Transform3D(0.999714, -0.0142845, 0.0191948, 0.000389219, 0.811837, 0.583884, -0.0239235, -0.58371, 0.81161, 3.95758e-10, -1.58302e-09, 1.52969e-08)
bones/34/pose = Transform3D(0.999938, -0.0064327, 0.00910639, -9.45958e-05, 0.811845, 0.583871, -0.0111489, -0.583835, 0.811795, 7.64848e-09, -2.90108e-08, 1.49012e-08)
bones/35/pose = Transform3D(0.999743, -0.000551435, -0.0226796, 0.0003755, 0.99997, -0.00776093, 0.0226832, 0.00775042, 0.999713, -2.56976e-05, -3.72133e-06, 0.00040555)
bones/36/pose = Transform3D(0.999757, -0.0131322, 0.0176798, 0.000338403, 0.811838, 0.583883, -0.0220208, -0.583735, 0.811646, 7.25272e-09, -2.90108e-08, 1.52969e-08)
bones/37/pose = Transform3D(0.999946, -0.00599794, 0.00847177, -7.70218e-05, 0.811844, 0.583872, -0.0103798, -0.58384, 0.811802, 0, 0, -3.95758e-10)
bones/38/pose = Transform3D(0.999331, -0.00163091, -0.0365293, 0.000130412, 0.999157, -0.0410414, 0.0365655, 0.0410092, 0.998489, -6.90451e-05, -1.55262e-05, 0.00215255)
bones/39/pose = Transform3D(0.999714, -0.0149105, 0.018713, 0.000389003, 0.792113, 0.610374, -0.0239238, -0.610191, 0.791893, -1.49012e-08, 3.05938e-08, 2.90108e-08)
bones/40/pose = Transform3D(0.999938, -0.00672982, 0.00888889, -9.45858e-05, 0.792123, 0.610361, -0.0111487, -0.610324, 0.792074, 1.56927e-08, 1.58302e-09, -7.25272e-09)
bones/41/pose = Transform3D(0.996867, -0.0050879, -0.0789336, -0.00262699, 0.995248, -0.0973285, 0.0790538, 0.0972308, 0.992117, -0.000202151, -0.000143824, 0.00513862)
bones/42/pose = Transform3D(0.999539, -0.0231293, 0.0196517, 0.000647107, 0.663584, 0.748102, -0.0303436, -0.747745, 0.663293, -1.45054e-08, 2.90108e-08, 1.45054e-08)
bones/43/pose = Transform3D(0.999928, -0.00887487, 0.00803255, -0.00011964, 0.663602, 0.748085, -0.0119696, -0.748031, 0.663554, 1.52969e-08, 2.90108e-08, 2.98023e-08)
bones/44/pose = Transform3D(0.980385, 0.0735103, 0.0909127, -0.0759246, 0.984137, 0.0230051, -0.088897, -0.0298313, 0.982967, -1.19791e-10, 1.19688e-07, 1.49012e-08)
bones/45/pose = Transform3D(0.999187, 0.000194716, 0.000318674, -4.44433e-05, 0.908563, -0.4158, -0.0003708, 0.4158, 0.908562, -7.63018e-09, 1.47814e-08, 2.99478e-11)
bones/46/pose = Transform3D(1.00323, -0.131342, -0.0616204, 0.128934, 1.00455, -0.0420159, 0.0665105, 0.0337454, 1.01092, 1.47813e-08, 0, 0)
bones/47/pose = Transform3D(0.999999, 0.00113958, 0.0013081, -0.000674151, 0.950001, -0.312247, -0.00159853, 0.312245, 0.95, 1.49012e-08, 0, 0)
bones/48/pose = Transform3D(1.00503, -0.158289, 0.0068965, 0.157415, 0.992555, -0.15887, 0.017988, 0.157994, 1.00497, 7.45058e-09, 3.09807e-08, 1.84235e-08)
bones/49/pose = Transform3D(1.00121, 9.10328e-06, 0.000374098, -4.4557e-05, 0.996689, 0.0949955, -0.000371546, -0.0949955, 0.996689, 3.69491e-09, 4.10085e-08, -7.45058e-09)
bones/50/pose = Transform3D(0.975233, 0.0758872, 0.0838114, -0.0719042, 0.977913, -0.048773, -0.0872525, 0.0423102, 0.976965, -7.39056e-09, 0, 0)
bones/51/pose = Transform3D(0.999999, 0.000674237, 0.0015985, -0.000674214, 1, -1.46378e-05, -0.00159851, 1.35601e-05, 0.999999, 0, 0, -3.72529e-09)
bones/52/pose = Transform3D(1, 0, 0, 0, 1, 0, 0, 0, 1, -3.26379e-09, 0, 0)

[node name="AnimationPlayer" type="AnimationPlayer" parent="."]
anims/Fall = ExtResource( 7 )
anims/Idle = ExtResource( 2 )
anims/Jump = ExtResource( 5 )
anims/Run = ExtResource( 3 )
anims/Walk = ExtResource( 4 )
blend_times = []
script = null

[node name="Collision" type="CollisionShape3D" parent="."]
transform = Transform3D(1, 0, 0, 0, 1, 0, 0, 0, 1, 0, 0.8, 0)
shape = SubResource( 3 )
script = null

[node name="AnimationTree" type="AnimationTree" parent="."]
tree_root = SubResource( 7 )
anim_player = NodePath("../AnimationPlayer")
active = true
root_motion_track = NodePath("Skeleton:root")
parameters/StateGeneral/current = 0
parameters/StateJump/current = 0
parameters/StateLand/current = 0
script = null
