[gd_scene load_steps=18 format=2]

[ext_resource path="res://Player/Model/Skeleton.tscn" type="PackedScene" id=1]
[ext_resource path="res://Player/Animations/Idle.tres" type="Animation" id=2]
[ext_resource path="res://Player/Animations/Run.tres" type="Animation" id=3]
[ext_resource path="res://Player/Animations/Walk.tres" type="Animation" id=4]
[ext_resource path="res://Player/Animations/Jump.tres" type="Animation" id=5]
[ext_resource path="res://Player/Player.gd" type="Script" id=6]
[ext_resource path="res://Player/Animations/Fall.tres" type="Animation" id=7]

[sub_resource type="CapsuleShape3D" id=3]
radius = 0.2
height = 1.2

[sub_resource type="AnimationNodeAnimation" id=8]
filters = []
animation = &"Fall"

[sub_resource type="AnimationNodeAnimation" id=9]
filters = []
animation = &"Idle"

[sub_resource type="AnimationNodeAnimation" id=10]
filters = []
animation = &"Jump"

[sub_resource type="AnimationNodeAnimation" id=11]
filters = []
animation = &"Run"

[sub_resource type="AnimationNodeTransition" id=4]
input_count = 2
input_0/name = "state 0"
input_0/auto_advance = false
input_1/name = "state 1"
input_1/auto_advance = false

[sub_resource type="AnimationNodeTransition" id=5]
input_count = 2
input_0/name = "state 0"
input_0/auto_advance = false
input_1/name = "state 1"
input_1/auto_advance = false

[sub_resource type="AnimationNodeTransition" id=6]
input_count = 3
input_0/name = "state 0"
input_0/auto_advance = false
input_1/name = "state 1"
input_1/auto_advance = false
input_2/name = "state 2"
input_2/auto_advance = false

[sub_resource type="AnimationNodeAnimation" id=12]
filters = []
animation = &"Walk"

[sub_resource type="AnimationNodeBlendTree" id=7]
graph_offset = Vector2(-572.22, 2.81625)
nodes/Fall/node = SubResource( 8 )
nodes/Fall/position = Vector2(-400, 490)
nodes/Idle/node = SubResource( 9 )
nodes/Idle/position = Vector2(-400, 40)
nodes/Jump/node = SubResource( 10 )
nodes/Jump/position = Vector2(-400, 380)
nodes/Run/node = SubResource( 11 )
nodes/Run/position = Vector2(-400, 260)
nodes/StateGeneral/node = SubResource( 4 )
nodes/StateGeneral/position = Vector2(110, 140)
nodes/StateJump/node = SubResource( 5 )
nodes/StateJump/position = Vector2(-130, 250)
nodes/StateLand/node = SubResource( 6 )
nodes/StateLand/position = Vector2(-130, 60)
nodes/Walk/node = SubResource( 12 )
nodes/Walk/position = Vector2(-400, 150)
node_connections = [&"StateGeneral", 0, &"StateLand", &"StateGeneral", 1, &"StateJump", &"StateLand", 0, &"Idle", &"StateLand", 1, &"Walk", &"StateLand", 2, &"Run", &"StateJump", 0, &"Jump", &"StateJump", 1, &"Fall", &"output", 0, &"StateGeneral"]

[node name="Player" type="CharacterBody3D"]
stop_on_slope = true
script = ExtResource( 6 )

[node name="Skeleton" parent="." instance=ExtResource( 1 )]
bones/0/pose = Transform3D(0.994355, -0.0281559, 0.1023, 0.0245688, 0.999044, 0.0361568, -0.10322, -0.0334393, 0.994096, 0.0412645, 0.00294947, 0.00444406)
bones/1/pose = Transform3D(0.999889, 0.0149257, -9.6517e-05, -0.0149257, 0.999802, -0.0131702, -0.000100077, 0.0131702, 0.999913, 6.19914e-10, -4.9586e-09, 6.83075e-09)
bones/2/pose = Transform3D(0.987352, 0.017334, -0.157595, -0.0127669, 0.99947, 0.0299464, 0.15803, -0.0275556, 0.98705, -3.41509e-09, -9.93746e-08, -1.54957e-10)
bones/3/pose = Transform3D(0.997133, -0.0353527, -0.0669054, 0.0379758, 0.998542, 0.0383484, 0.0654521, -0.0407792, 0.997022, -3.10538e-09, 0, 1.86567e-09)
bones/4/pose = Transform3D(0.999271, 0.0380086, -0.00351399, -0.0381159, 0.99853, -0.0385317, 0.00204429, 0.0386375, 0.999251, 3.90857e-13, 1.1673e-07, -8.0644e-09)
bones/5/pose = Transform3D(0.99962, 0.0259258, 0.00935007, -0.025545, 0.998922, -0.0387694, -0.0103451, 0.0385158, 0.999204, -3.10534e-09, 7.95372e-08, -3.72529e-09)
bones/6/pose = Transform3D(1, -7.58304e-08, 2.98024e-08, 7.58304e-08, 1, -1.19336e-07, -2.98024e-08, 1.19336e-07, 1, 0, -2.38056e-10, 0)
bones/7/pose = Transform3D(0.866055, -0.48146, -0.134703, 0.256933, 0.197492, 0.946035, -0.428875, -0.853928, 0.294742, -8.6964e-09, 1.36614e-08, 1.98359e-08)
bones/8/pose = Transform3D(0.735674, 0.676166, 0.0397913, -0.676168, 0.729689, 0.101737, 0.0397561, -0.101751, 0.994015, 5.39486e-08, -1.57276e-08, 0)
bones/9/pose = Transform3D(0.888767, -0.173291, 0.424338, 0.213291, 0.975796, -0.0482375, -0.405708, 0.133379, 0.904218, 0, 5.96046e-08, 2.98023e-08)
bones/10/pose = Transform3D(0.982006, -0.188769, -0.0055073, 0.188768, 0.980317, 0.0578439, -0.00552021, -0.0578426, 0.99831, 7.03822e-06, -2.09146e-06, -8.48041e-07)
bones/11/pose = Transform3D(0.945387, -0.324995, -0.0249112, 0.325098, 0.94568, 5.77327e-05, 0.0235393, -0.00815315, 0.99969, 3.24516e-08, 3.24516e-08, -6.78828e-09)
bones/12/pose = Transform3D(0.945499, -0.325624, 1.11417e-06, 0.325624, 0.945499, 3.65774e-06, -2.2445e-06, -3.09559e-06, 1, -3.24516e-08, -5.29856e-09, -6.78828e-09)
bones/13/pose = Transform3D(0.999867, 3.20764e-06, 0.0163034, -3.16194e-06, 0.999999, -2.82941e-06, -0.0163034, 2.77749e-06, 0.999867, 3.3324e-06, -6.3883e-06, -6.42075e-07)
bones/14/pose = Transform3D(0.999714, 0.00997509, -0.0217478, -0.000388314, 0.915593, 0.402106, 0.0239232, -0.401983, 0.915335, 6.78828e-09, -3.24516e-08, 1.62258e-08)
bones/15/pose = Transform3D(0.999938, 0.00439699, -0.0102459, 9.38924e-05, 0.9156, 0.40209, 0.0111491, -0.402066, 0.915543, 1.49012e-08, 5.29856e-09, -1.25418e-08)
bones/16/pose = Transform3D(0.999881, 3.31682e-06, 0.0154161, -3.27629e-06, 1, -2.6541e-06, -0.0154161, 2.60328e-06, 0.999881, 3.39871e-06, -6.4532e-06, -6.96381e-07)
bones/17/pose = Transform3D(0.999757, 0.00916374, -0.020026, -0.000337795, 0.915593, 0.402105, 0.0220204, -0.402001, 0.915375, 1.69706e-08, -2.7153e-08, 2.64928e-09)
bones/18/pose = Transform3D(0.999946, 0.00410435, -0.00953488, 7.59715e-05, 0.915598, 0.402093, 0.0103805, -0.402071, 0.915549, 1.01824e-08, 8.67575e-08, -6.78828e-09)
bones/19/pose = Transform3D(0.999867, 3.9822e-06, 0.0163037, -3.93844e-06, 0.999999, -2.71652e-06, -0.0163037, 2.65195e-06, 0.999867, 3.40682e-06, -6.45849e-06, -5.66244e-07)
bones/20/pose = Transform3D(0.999714, 0.00997517, -0.0217478, -0.000388392, 0.915593, 0.402106, 0.0239232, -0.401983, 0.915335, -4.05645e-09, -2.7153e-08, 0)
bones/21/pose = Transform3D(0.999938, 0.00439735, -0.0102458, 9.35409e-05, 0.9156, 0.40209, 0.0111492, -0.402066, 0.915543, -4.05645e-09, -3.24516e-08, 1.69706e-09)
bones/22/pose = Transform3D(0.999772, 4.30918e-06, 0.0213428, -4.22787e-06, 1, -3.85484e-06, -0.0213428, 3.76372e-06, 0.999772, 3.39126e-06, -6.39359e-06, -5.8247e-07)
bones/23/pose = Transform3D(0.999539, 0.0127917, -0.0275218, -0.000645296, 0.915589, 0.402115, 0.0303423, -0.401912, 0.915176, -4.05645e-09, -3.24516e-08, -3.24516e-08)
bones/24/pose = Transform3D(0.999928, 0.00470621, -0.0110079, 0.000117167, 0.915599, 0.40209, 0.0119712, -0.402062, 0.915534, -2.30141e-08, 8.67575e-08, 0)
bones/25/pose = Transform3D(1, 6.2254e-08, -2.93781e-08, -6.2254e-08, 1, -1.19124e-07, 2.93781e-08, 1.19124e-07, 1, -1.96612e-08, -1.28311e-09, 1.05971e-08)
bones/26/pose = Transform3D(0.818691, 0.547996, -0.171597, -0.15044, 0.493075, 0.856881, 0.554177, -0.675706, 0.486116, 4.13207e-10, -7.03737e-09, 1.12598e-07)
bones/27/pose = Transform3D(0.473782, -0.877072, -0.0792116, 0.877072, 0.461858, 0.132026, -0.0792115, -0.132026, 0.988076, -9.91797e-09, 0, 0)
bones/28/pose = Transform3D(0.806098, 0.591305, 0.023713, -0.565632, 0.758082, 0.324609, 0.173966, -0.275079, 0.945551, 0, -9.91797e-09, -5.95998e-08)
bones/29/pose = Transform3D(0.958101, 0.28411, 0.0363944, -0.284109, 0.926477, 0.246823, 0.0364064, -0.246821, 0.968377, -5.69704e-06, -3.91735e-06, -2.15106e-06)
bones/30/pose = Transform3D(0.958032, 0.275532, 0.0791028, -0.276415, 0.961038, 0.000220643, -0.0759601, -0.0220766, 0.996866, -8.11292e-09, -5.96046e-08, 8.7752e-09)
bones/31/pose = Transform3D(0.960551, 0.278104, -8.97277e-07, -0.278104, 0.960551, 3.46457e-06, 1.82539e-06, -3.07836e-06, 1, 1.01618e-08, 5.96046e-08, -5.09121e-09)
bones/32/pose = Transform3D(0.999867, -3.16472e-06, -0.0163035, 3.11679e-06, 0.999999, -2.96553e-06, 0.0163035, 2.91432e-06, 0.999867, -1.21925e-06, -6.77307e-06, -1.89377e-06)
bones/33/pose = Transform3D(0.999714, -0.0142845, 0.0191948, 0.000389219, 0.811837, 0.583884, -0.0239235, -0.58371, 0.81161, -1.32465e-09, 5.29856e-09, 1.35765e-08)
bones/34/pose = Transform3D(0.999938, -0.0064327, 0.00910639, -9.45977e-05, 0.811845, 0.583871, -0.0111489, -0.583835, 0.811795, 6.78828e-09, -3.24516e-08, 1.49012e-08)
bones/35/pose = Transform3D(0.999743, -0.000551436, -0.0226796, 0.000375501, 0.99997, -0.00776093, 0.0226832, 0.00775042, 0.999713, -2.56951e-05, -3.73854e-06, 0.00040555)
bones/36/pose = Transform3D(0.999757, -0.0131322, 0.0176798, 0.000338404, 0.811838, 0.583883, -0.0220208, -0.583735, 0.811646, 8.11292e-09, -3.24516e-08, 1.35765e-08)
bones/37/pose = Transform3D(0.999946, -0.00599794, 0.00847177, -7.70208e-05, 0.811844, 0.583872, -0.0103798, -0.58384, 0.811802, 0, 0, 1.32465e-09)
bones/38/pose = Transform3D(0.999331, -0.00163091, -0.0365293, 0.000130413, 0.999157, -0.0410414, 0.0365655, 0.0410092, 0.998489, -6.90426e-05, -1.55296e-05, 0.00215254)
bones/39/pose = Transform3D(0.999714, -0.0149105, 0.018713, 0.000389003, 0.792113, 0.610374, -0.0239238, -0.610191, 0.791893, -1.49012e-08, 2.7153e-08, 3.24516e-08)
bones/40/pose = Transform3D(0.999938, -0.00672982, 0.00888889, -9.4587e-05, 0.792123, 0.610361, -0.0111487, -0.610324, 0.792074, 1.22519e-08, -5.29856e-09, -8.11292e-09)
bones/41/pose = Transform3D(0.996867, -0.0050879, -0.0789336, -0.00262699, 0.995248, -0.0973285, 0.0790538, 0.0972308, 0.992117, -0.000202144, -0.000143831, 0.00513863)
bones/42/pose = Transform3D(0.999539, -0.0231293, 0.0196517, 0.000647108, 0.663584, 0.748102, -0.0303436, -0.747745, 0.663293, -1.62258e-08, 3.24516e-08, 1.62258e-08)
bones/43/pose = Transform3D(0.999928, -0.00887487, 0.00803255, -0.00011964, 0.663602, 0.748085, -0.0119696, -0.748031, 0.663554, 1.35765e-08, 3.24516e-08, 2.98023e-08)
bones/44/pose = Transform3D(0.978925, 0.0895782, 0.0938862, -0.0934854, 0.982338, 0.0374854, -0.0899925, -0.0460467, 0.98234, 9.9422e-09, 1.98359e-08, 8.69033e-09)
bones/45/pose = Transform3D(0.999183, 0.000185912, 0.000323891, -4.44501e-05, 0.919617, -0.390731, -0.0003708, 0.390731, 0.919617, -1.49007e-08, -4.86756e-08, 0)
bones/46/pose = Transform3D(1.00172, -0.141763, -0.0608262, 0.138214, 1.00229, -0.0597551, 0.0685091, 0.0507642, 1.00994, -1.11715e-08, 8.69082e-09, 0)
bones/47/pose = Transform3D(0.999999, 0.00113958, 0.0013081, -0.000674151, 0.950001, -0.312247, -0.00159853, 0.312245, 0.95, 1.49012e-08, 0, 0)
bones/48/pose = Transform3D(1.00761, -0.141963, 0.00453886, 0.141276, 0.998351, -0.137065, 0.0146684, 0.136348, 1.00833, -6.21083e-09, -5.96046e-08, 2.23517e-08)
bones/49/pose = Transform3D(1.00119, 8.52833e-06, 0.000374104, -4.45428e-05, 0.996529, 0.0964906, -0.000371538, -0.0964899, 0.996537, -1.1845e-13, -2.1522e-08, -3.31044e-09)
bones/50/pose = Transform3D(0.976384, 0.0787366, 0.0637416, -0.0760493, 0.977737, -0.0428346, -0.0669249, 0.0376676, 0.978618, -3.55387e-13, -6.21083e-09, 0)
bones/51/pose = Transform3D(0.999999, 0.000674237, 0.0015985, -0.000674214, 1, -1.46378e-05, -0.00159851, 1.35601e-05, 0.999999, 0, 0, -3.72529e-09)
bones/52/pose = Transform3D(1, 0, 0, 0, 1, 0, 0, 0, 1, -3.26379e-09, 0, 0)

[node name="AnimationPlayer" type="AnimationPlayer" parent="."]
anims/Fall = ExtResource( 7 )
anims/Idle = ExtResource( 2 )
anims/Jump = ExtResource( 5 )
anims/Run = ExtResource( 3 )
anims/Walk = ExtResource( 4 )
blend_times = []
script = null

[node name="Collision" type="CollisionShape3D" parent="."]
transform = Transform3D(1, 0, 0, 0, 1, 0, 0, 0, 1, 0, 0.8, 0)
shape = SubResource( 3 )
script = null

[node name="AnimationTree" type="AnimationTree" parent="."]
tree_root = SubResource( 7 )
anim_player = NodePath("../AnimationPlayer")
active = true
root_motion_track = NodePath("Skeleton:root")
parameters/StateGeneral/current = 0
parameters/StateJump/current = 0
parameters/StateLand/current = 0
script = null
