[gd_scene load_steps=18 format=2]

[ext_resource path="res://Player/Model/Skeleton.tscn" type="PackedScene" id=1]
[ext_resource path="res://Player/Animations/Idle.tres" type="Animation" id=2]
[ext_resource path="res://Player/Animations/Run.tres" type="Animation" id=3]
[ext_resource path="res://Player/Animations/Walk.tres" type="Animation" id=4]
[ext_resource path="res://Player/Animations/Jump.tres" type="Animation" id=5]
[ext_resource path="res://Player/Player.gd" type="Script" id=6]
[ext_resource path="res://Player/Animations/Fall.tres" type="Animation" id=7]

[sub_resource type="CapsuleShape3D" id=3]
radius = 0.2
height = 1.2

[sub_resource type="AnimationNodeAnimation" id=8]
filters = []
animation = &"Fall"

[sub_resource type="AnimationNodeAnimation" id=9]
filters = []
animation = &"Idle"

[sub_resource type="AnimationNodeAnimation" id=10]
filters = []
animation = &"Jump"

[sub_resource type="AnimationNodeAnimation" id=11]
filters = []
animation = &"Run"

[sub_resource type="AnimationNodeTransition" id=4]
input_count = 2
input_0/name = "state 0"
input_0/auto_advance = false
input_1/name = "state 1"
input_1/auto_advance = false

[sub_resource type="AnimationNodeTransition" id=5]
input_count = 2
input_0/name = "state 0"
input_0/auto_advance = false
input_1/name = "state 1"
input_1/auto_advance = false

[sub_resource type="AnimationNodeTransition" id=6]
input_count = 3
input_0/name = "state 0"
input_0/auto_advance = false
input_1/name = "state 1"
input_1/auto_advance = false
input_2/name = "state 2"
input_2/auto_advance = false

[sub_resource type="AnimationNodeAnimation" id=12]
filters = []
animation = &"Walk"

[sub_resource type="AnimationNodeBlendTree" id=7]
graph_offset = Vector2(-572.22, 2.81625)
nodes/Fall/node = SubResource( 8 )
nodes/Fall/position = Vector2(-400, 490)
nodes/Idle/node = SubResource( 9 )
nodes/Idle/position = Vector2(-400, 40)
nodes/Jump/node = SubResource( 10 )
nodes/Jump/position = Vector2(-400, 380)
nodes/Run/node = SubResource( 11 )
nodes/Run/position = Vector2(-400, 260)
nodes/StateGeneral/node = SubResource( 4 )
nodes/StateGeneral/position = Vector2(110, 140)
nodes/StateJump/node = SubResource( 5 )
nodes/StateJump/position = Vector2(-130, 250)
nodes/StateLand/node = SubResource( 6 )
nodes/StateLand/position = Vector2(-130, 60)
nodes/Walk/node = SubResource( 12 )
nodes/Walk/position = Vector2(-400, 150)
node_connections = [&"StateGeneral", 0, &"StateLand", &"StateGeneral", 1, &"StateJump", &"StateLand", 0, &"Idle", &"StateLand", 1, &"Walk", &"StateLand", 2, &"Run", &"StateJump", 0, &"Jump", &"StateJump", 1, &"Fall", &"output", 0, &"StateGeneral"]

[node name="Player" type="CharacterBody3D"]
stop_on_slope = true
script = ExtResource( 6 )

[node name="Skeleton" parent="." instance=ExtResource( 1 )]
bones/0/pose = Transform3D(0.993688, -0.0200208, 0.110377, 0.0176105, 0.999586, 0.0227687, -0.110788, -0.0206812, 0.993629, 0.0369201, 0.0040728, 0.00682316)
bones/1/pose = Transform3D(0.999908, 0.0135937, -5.27208e-05, -0.0135936, 0.999864, -0.00938916, -7.49198e-05, 0.00938901, 0.999956, 1.4493e-09, 0, 2.8986e-09)
bones/2/pose = Transform3D(0.988597, 0.00606909, -0.150462, -0.000254881, 0.999254, 0.0386316, 0.150584, -0.0381528, 0.987861, 3.10266e-09, 1.99198e-08, -3.11249e-10)
bones/3/pose = Transform3D(0.996914, -0.0446782, -0.0645425, 0.0475135, 0.99794, 0.0430828, 0.0624847, -0.0460164, 0.996985, 6.20544e-09, -9.92892e-08, -5.58309e-09)
bones/4/pose = Transform3D(0.998877, 0.0468102, -0.00735032, -0.047085, 0.997956, -0.0432115, 0.00531255, 0.0435091, 0.999039, 6.20509e-09, -2.24098e-08, 0)
bones/5/pose = Transform3D(0.999332, 0.0355063, 0.00866517, -0.0350964, 0.998433, -0.0435841, -0.0101991, 0.0432509, 0.999012, -3.10278e-09, -9.92892e-08, 9.33745e-10)
bones/6/pose = Transform3D(1, -7.70223e-08, 2.98024e-08, 7.70223e-08, 1, -1.19345e-07, -2.98024e-08, 1.19345e-07, 1, 0, -8.71207e-10, 0)
bones/7/pose = Transform3D(0.875424, -0.465876, -0.128809, 0.241684, 0.19111, 0.951349, -0.418594, -0.863965, 0.279897, 3.10279e-09, 3.10279e-08, -9.6962e-11)
bones/8/pose = Transform3D(0.759781, 0.649172, 0.0361626, -0.649174, 0.754342, 0.0976831, 0.0361342, -0.0976937, 0.99456, 5.20282e-08, -8.2991e-10, 0)
bones/9/pose = Transform3D(0.892633, -0.150534, 0.424907, 0.181089, 0.982939, -0.0321955, -0.412811, 0.105685, 0.904664, -1.93925e-10, 4.96447e-08, 0)
bones/10/pose = Transform3D(0.982006, -0.188769, -0.0055073, 0.188768, 0.980317, 0.0578439, -0.00552021, -0.0578426, 0.99831, 7.04302e-06, -2.09623e-06, -8.4685e-07)
bones/11/pose = Transform3D(0.945387, -0.324995, -0.0249112, 0.325098, 0.94568, 5.77345e-05, 0.0235393, -0.00815315, 0.99969, 3.48352e-08, 3.48352e-08, -6.19237e-09)
bones/12/pose = Transform3D(0.945499, -0.325624, 1.11188e-06, 0.325624, 0.945499, 3.65751e-06, -2.24226e-06, -3.09612e-06, 1, -3.48352e-08, -1.00658e-08, -6.19237e-09)
bones/13/pose = Transform3D(0.999867, 3.20735e-06, 0.0163034, -3.16164e-06, 0.999999, -2.82956e-06, -0.0163034, 2.77764e-06, 0.999867, 3.33418e-06, -6.39783e-06, -6.43266e-07)
bones/14/pose = Transform3D(0.999714, 0.00997509, -0.0217478, -0.000388313, 0.915593, 0.402107, 0.0239232, -0.401983, 0.915335, 6.19237e-09, -3.48352e-08, 1.74176e-08)
bones/15/pose = Transform3D(0.999938, 0.00439699, -0.0102459, 9.38929e-05, 0.9156, 0.40209, 0.0111491, -0.402066, 0.915543, 1.49012e-08, 1.00658e-08, -1.20949e-08)
bones/16/pose = Transform3D(0.999881, 3.31652e-06, 0.0154161, -3.27599e-06, 1, -2.65455e-06, -0.0154161, 2.60373e-06, 0.999881, 3.40318e-06, -6.4675e-06, -6.92805e-07)
bones/17/pose = Transform3D(0.999757, 0.00916374, -0.020026, -0.000337797, 0.915593, 0.402105, 0.0220204, -0.402001, 0.915375, 1.54809e-08, -2.47694e-08, 5.03291e-09)
bones/18/pose = Transform3D(0.999946, 0.00410435, -0.00953488, 7.59708e-05, 0.915598, 0.402093, 0.0103805, -0.402071, 0.915549, 9.28851e-09, 8.43739e-08, -6.19237e-09)
bones/19/pose = Transform3D(0.999867, 3.9825e-06, 0.0163037, -3.93873e-06, 0.999999, -2.71667e-06, -0.0163037, 2.65209e-06, 0.999867, 3.41189e-06, -6.47756e-06, -5.66244e-07)
bones/20/pose = Transform3D(0.999714, 0.00997517, -0.0217478, -0.000388391, 0.915593, 0.402107, 0.0239232, -0.401983, 0.915335, -4.3544e-09, -2.47694e-08, 0)
bones/21/pose = Transform3D(0.999938, 0.00439735, -0.0102458, 9.35404e-05, 0.9156, 0.40209, 0.0111492, -0.402066, 0.915543, -4.3544e-09, -3.48352e-08, 1.54809e-09)
bones/22/pose = Transform3D(0.999772, 4.30859e-06, 0.0213428, -4.22727e-06, 1, -3.85498e-06, -0.0213428, 3.76388e-06, 0.999772, 3.39573e-06, -6.40789e-06, -5.83661e-07)
bones/23/pose = Transform3D(0.999539, 0.0127917, -0.0275218, -0.000645296, 0.915589, 0.402115, 0.0303423, -0.401912, 0.915176, -4.3544e-09, -3.48352e-08, -3.48352e-08)
bones/24/pose = Transform3D(0.999928, 0.00470622, -0.0110079, 0.000117166, 0.915599, 0.40209, 0.0119712, -0.402062, 0.915534, -2.361e-08, 8.43739e-08, 0)
bones/25/pose = Transform3D(1, 6.46376e-08, -2.94154e-08, -6.46376e-08, 1, -1.19152e-07, 2.94153e-08, 1.19152e-07, 1, -1.89163e-08, -7.61696e-10, 2.01316e-08)
bones/26/pose = Transform3D(0.798392, 0.576462, -0.17396, -0.167724, 0.490376, 0.855219, 0.578307, -0.653623, 0.488199, -3.05849e-10, 3.10257e-09, -2.42388e-11)
bones/27/pose = Transform3D(0.464602, -0.881844, -0.0805935, 0.881844, 0.45247, 0.132744, -0.0805935, -0.132744, 0.987868, 9.95993e-09, -4.96447e-08, 0)
bones/28/pose = Transform3D(0.814504, 0.579601, 0.0253915, -0.557853, 0.770421, 0.308625, 0.159317, -0.265541, 0.950845, -2.48223e-08, 9.95993e-09, -9.95507e-09)
bones/29/pose = Transform3D(0.958101, 0.28411, 0.0363944, -0.284109, 0.926478, 0.246823, 0.0364064, -0.246821, 0.968377, -5.70177e-06, -3.92927e-06, -2.15583e-06)
bones/30/pose = Transform3D(0.958032, 0.275532, 0.0791029, -0.276415, 0.961038, 0.000220641, -0.0759601, -0.0220766, 0.996866, -8.70883e-09, -5.96046e-08, 9.96701e-09)
bones/31/pose = Transform3D(0.960551, 0.278104, -8.97379e-07, -0.278104, 0.960551, 3.4652e-06, 1.82566e-06, -3.07893e-06, 1, 1.00873e-08, 5.96046e-08, -4.64428e-09)
bones/32/pose = Transform3D(0.999867, -3.16502e-06, -0.0163035, 3.11709e-06, 0.999999, -2.96572e-06, 0.0163035, 2.9145e-06, 0.999867, -1.21686e-06, -6.78022e-06, -1.89497e-06)
bones/33/pose = Transform3D(0.999714, -0.0142845, 0.0191948, 0.000389217, 0.811837, 0.583884, -0.0239235, -0.58371, 0.81161, -2.51646e-09, 1.00658e-08, 1.23847e-08)
bones/34/pose = Transform3D(0.999938, -0.0064327, 0.00910639, -9.45986e-05, 0.811845, 0.583871, -0.0111489, -0.583835, 0.811795, 6.19237e-09, -3.48352e-08, 1.49012e-08)
bones/35/pose = Transform3D(0.999743, -0.000551437, -0.0226796, 0.000375502, 0.99997, -0.00776093, 0.0226832, 0.00775042, 0.999713, -2.56933e-05, -3.75045e-06, 0.00040555)
bones/36/pose = Transform3D(0.999757, -0.0131322, 0.0176798, 0.000338405, 0.811838, 0.583883, -0.0220208, -0.583735, 0.811645, 8.70883e-09, -3.48352e-08, 1.23847e-08)
bones/37/pose = Transform3D(0.999946, -0.00599794, 0.00847177, -7.70197e-05, 0.811844, 0.583872, -0.0103798, -0.58384, 0.811802, 0, 0, 2.51646e-09)
bones/38/pose = Transform3D(0.999331, -0.00163091, -0.0365293, 0.000130413, 0.999157, -0.0410414, 0.0365655, 0.0410092, 0.998489, -6.90408e-05, -1.5532e-05, 0.00215254)
bones/39/pose = Transform3D(0.999714, -0.0149105, 0.018713, 0.000389003, 0.792113, 0.610374, -0.0239238, -0.610191, 0.791893, -1.49012e-08, 2.47694e-08, 3.48352e-08)
bones/40/pose = Transform3D(0.999938, -0.00672982, 0.00888889, -9.45877e-05, 0.792123, 0.610361, -0.0111487, -0.610324, 0.792074, 9.86823e-09, -1.00658e-08, -8.70883e-09)
bones/41/pose = Transform3D(0.996867, -0.0050879, -0.0789336, -0.00262699, 0.995248, -0.0973285, 0.0790538, 0.0972308, 0.992117, -0.000202139, -0.000143836, 0.00513863)
bones/42/pose = Transform3D(0.999539, -0.0231293, 0.0196517, 0.000647109, 0.663584, 0.748102, -0.0303436, -0.747745, 0.663293, -1.74176e-08, 3.48352e-08, 1.74176e-08)
bones/43/pose = Transform3D(0.999928, -0.00887487, 0.00803255, -0.00011964, 0.663602, 0.748085, -0.0119696, -0.748031, 0.663554, 1.23847e-08, 3.48352e-08, 2.98023e-08)
bones/44/pose = Transform3D(0.97809, 0.102597, 0.0952564, -0.10647, 0.981647, 0.0359411, -0.0909027, -0.0458412, 0.982839, -8.0733e-09, 1.19209e-07, 1.49012e-08)
bones/45/pose = Transform3D(0.999181, 0.000177387, 0.000328638, -4.44489e-05, 0.929509, -0.366574, -0.000370801, 0.366574, 0.929509, -1.48999e-08, -3.07982e-08, 0)
bones/46/pose = Transform3D(0.999997, -0.150337, -0.0589049, 0.145285, 0.999013, -0.0832425, 0.070449, 0.0737295, 1.0078, 1.48993e-08, 0, 0)
bones/47/pose = Transform3D(0.999999, 0.00113958, 0.0013081, -0.000674151, 0.950001, -0.312247, -0.00159853, 0.312245, 0.95, 1.49012e-08, 0, 0)
bones/48/pose = Transform3D(1.01126, -0.127932, 0.00292861, 0.127255, 1.00293, -0.130248, 0.0134649, 0.129578, 1.01101, 0, 3.30932e-08, 1.57671e-08)
bones/49/pose = Transform3D(1.00121, 6.97715e-06, 0.000374147, -4.45536e-05, 0.996143, 0.100649, -0.00037155, -0.100649, 0.996143, 1.24101e-08, 0, 1.24499e-09)
bones/50/pose = Transform3D(0.975534, 0.078559, 0.0486241, -0.0766652, 0.976118, -0.038941, -0.0515584, 0.0349632, 0.977918, 1.24103e-08, -7.45058e-09, 0)
bones/51/pose = Transform3D(0.999999, 0.000674237, 0.0015985, -0.000674214, 1, -1.46378e-05, -0.00159851, 1.35601e-05, 0.999999, 0, 0, -3.72529e-09)
bones/52/pose = Transform3D(1, 0, 0, 0, 1, 0, 0, 0, 1, -3.26379e-09, 0, 0)

[node name="AnimationPlayer" type="AnimationPlayer" parent="."]
anims/Fall = ExtResource( 7 )
anims/Idle = ExtResource( 2 )
anims/Jump = ExtResource( 5 )
anims/Run = ExtResource( 3 )
anims/Walk = ExtResource( 4 )
blend_times = []
script = null

[node name="Collision" type="CollisionShape3D" parent="."]
transform = Transform3D(1, 0, 0, 0, 1, 0, 0, 0, 1, 0, 0.8, 0)
shape = SubResource( 3 )
script = null

[node name="AnimationTree" type="AnimationTree" parent="."]
tree_root = SubResource( 7 )
anim_player = NodePath("../AnimationPlayer")
active = true
root_motion_track = NodePath("Skeleton:root")
parameters/StateGeneral/current = 0
parameters/StateJump/current = 0
parameters/StateLand/current = 0
script = null
